(kicad_pcb (version 20171130) (host pcbnew "(5.0.2)-1")

  (general
    (thickness 1.6)
    (drawings 12)
    (tracks 129)
    (zones 0)
    (modules 9)
    (nets 1)
  )

  (page User 162.001 119.99)
  (layers
    (0 F.Cu signal hide)
    (31 B.Cu signal)
    (32 B.Adhes user hide)
    (33 F.Adhes user hide)
    (34 B.Paste user hide)
    (35 F.Paste user hide)
    (36 B.SilkS user)
    (37 F.SilkS user)
    (38 B.Mask user hide)
    (39 F.Mask user hide)
    (40 Dwgs.User user hide)
    (41 Cmts.User user hide)
    (42 Eco1.User user hide)
    (43 Eco2.User user)
    (44 Edge.Cuts user hide)
    (45 Margin user hide)
    (46 B.CrtYd user hide)
    (47 F.CrtYd user hide)
    (48 B.Fab user hide)
    (49 F.Fab user hide)
  )

  (setup
    (last_trace_width 0.25)
    (user_trace_width 0.4)
    (user_trace_width 0.6)
    (user_trace_width 0.8)
    (trace_clearance 0.2)
    (zone_clearance 0.508)
    (zone_45_only no)
    (trace_min 0.2)
    (segment_width 0.2)
    (edge_width 0.15)
    (via_size 0.8)
    (via_drill 0.4)
    (via_min_size 0.4)
    (via_min_drill 0.3)
    (user_via 2 1)
    (user_via 3 1.5)
    (uvia_size 0.3)
    (uvia_drill 0.1)
    (uvias_allowed no)
    (uvia_min_size 0.2)
    (uvia_min_drill 0.1)
    (pcb_text_width 0.3)
    (pcb_text_size 1.5 1.5)
    (mod_edge_width 0.15)
    (mod_text_size 1 1)
    (mod_text_width 0.15)
    (pad_size 1.6 1.6)
    (pad_drill 1.1)
    (pad_to_mask_clearance 0.051)
    (solder_mask_min_width 0.25)
    (aux_axis_origin 0.235 120.85)
    (grid_origin 0.235 120.85)
    (visible_elements 7FFFFFFF)
    (pcbplotparams
      (layerselection 0x00010_fffffffe)
      (usegerberextensions false)
      (usegerberattributes false)
      (usegerberadvancedattributes false)
      (creategerberjobfile false)
      (excludeedgelayer true)
      (linewidth 0.100000)
      (plotframeref false)
      (viasonmask false)
      (mode 1)
      (useauxorigin true)
      (hpglpennumber 1)
      (hpglpenspeed 20)
      (hpglpendiameter 15.000000)
      (psnegative false)
      (psa4output false)
      (plotreference false)
      (plotvalue false)
      (plotinvisibletext false)
      (padsonsilk false)
      (subtractmaskfromsilk false)
      (outputformat 1)
      (mirror false)
      (drillshape 0)
      (scaleselection 1)
      (outputdirectory "./"))
  )

  (net 0 "")

  (net_class Default "Dies ist die voreingestellte Netzklasse."
    (clearance 0.2)
    (trace_width 0.25)
    (via_dia 0.8)
    (via_drill 0.4)
    (uvia_dia 0.3)
    (uvia_drill 0.1)
  )

  (module Rotary_Encoder:RotaryEncoder_Alps_EC11E-Switch_Vertical_H20mm (layer F.Cu) (tedit 5C252DC4) (tstamp 5C2572F9)
    (at 10.626358 112.144736 90)
    (descr "Alps rotary encoder, EC12E... with switch, vertical shaft, http://www.alps.com/prod/info/E/HTML/Encoder/Incremental/EC11/EC11E15204A3.html")
    (tags "rotary encoder")
    (fp_text reference REF** (at 2.8 -4.7 90) (layer F.SilkS)
      (effects (font (size 1 1) (thickness 0.15)))
    )
    (fp_text value RotaryEncoder_Alps_EC11E-Switch_Vertical_H20mm (at 7.5 10.4 90) (layer F.Fab)
      (effects (font (size 1 1) (thickness 0.15)))
    )
    (fp_circle (center 7.5 2.5) (end 10.5 2.5) (layer F.Fab) (width 0.12))
    (fp_circle (center 7.5 2.5) (end 10.5 2.5) (layer F.SilkS) (width 0.12))
    (fp_line (start 16 9.6) (end -1.5 9.6) (layer F.CrtYd) (width 0.05))
    (fp_line (start 16 9.6) (end 16 -4.6) (layer F.CrtYd) (width 0.05))
    (fp_line (start -1.5 -4.6) (end -1.5 9.6) (layer F.CrtYd) (width 0.05))
    (fp_line (start -1.5 -4.6) (end 16 -4.6) (layer F.CrtYd) (width 0.05))
    (fp_line (start 2.5 -3.3) (end 13.5 -3.3) (layer F.Fab) (width 0.12))
    (fp_line (start 13.5 -3.3) (end 13.5 8.3) (layer F.Fab) (width 0.12))
    (fp_line (start 13.5 8.3) (end 1.5 8.3) (layer F.Fab) (width 0.12))
    (fp_line (start 1.5 8.3) (end 1.5 -2.2) (layer F.Fab) (width 0.12))
    (fp_line (start 1.5 -2.2) (end 2.5 -3.3) (layer F.Fab) (width 0.12))
    (fp_line (start 9.5 -3.4) (end 13.6 -3.4) (layer F.SilkS) (width 0.12))
    (fp_line (start 13.6 8.4) (end 9.5 8.4) (layer F.SilkS) (width 0.12))
    (fp_line (start 5.5 8.4) (end 1.4 8.4) (layer F.SilkS) (width 0.12))
    (fp_line (start 5.5 -3.4) (end 1.4 -3.4) (layer F.SilkS) (width 0.12))
    (fp_line (start 1.4 -3.4) (end 1.4 8.4) (layer F.SilkS) (width 0.12))
    (fp_line (start 0 -1.3) (end -0.3 -1.6) (layer F.SilkS) (width 0.12))
    (fp_line (start -0.3 -1.6) (end 0.3 -1.6) (layer F.SilkS) (width 0.12))
    (fp_line (start 0.3 -1.6) (end 0 -1.3) (layer F.SilkS) (width 0.12))
    (fp_line (start 7.5 -0.5) (end 7.5 5.5) (layer F.Fab) (width 0.12))
    (fp_line (start 4.5 2.5) (end 10.5 2.5) (layer F.Fab) (width 0.12))
    (fp_line (start 13.6 -3.4) (end 13.6 -1) (layer F.SilkS) (width 0.12))
    (fp_line (start 13.6 1.2) (end 13.6 3.8) (layer F.SilkS) (width 0.12))
    (fp_line (start 13.6 6) (end 13.6 8.4) (layer F.SilkS) (width 0.12))
    (fp_line (start 7.5 2) (end 7.5 3) (layer F.SilkS) (width 0.12))
    (fp_line (start 7 2.5) (end 8 2.5) (layer F.SilkS) (width 0.12))
    (fp_text user %R (at 11.1 6.3 90) (layer F.Fab)
      (effects (font (size 1 1) (thickness 0.15)))
    )
    (fp_circle (center 7.5 2.5) (end 11.3 2.5) (layer Eco2.User) (width 0.15))
    (pad A thru_hole rect (at 0 0 90) (size 2 2) (drill 1) (layers *.Cu *.Mask))
    (pad C thru_hole circle (at 0 2.5 90) (size 2 2) (drill 1) (layers *.Cu *.Mask))
    (pad B thru_hole circle (at 0 5 90) (size 2 2) (drill 1) (layers *.Cu *.Mask))
    (pad MP thru_hole rect (at 7.5 -3.1 90) (size 3.2 2) (drill oval 2.8 1.5) (layers *.Cu *.Mask))
    (pad MP thru_hole rect (at 7.5 8.1 90) (size 3.2 2) (drill oval 2.8 1.5) (layers *.Cu *.Mask))
    (pad S2 thru_hole circle (at 14.5 0 90) (size 2 2) (drill 1) (layers *.Cu *.Mask))
    (pad S1 thru_hole circle (at 14.5 5 90) (size 2 2) (drill 1) (layers *.Cu *.Mask))
    (model ${KISYS3DMOD}/Rotary_Encoder.3dshapes/RotaryEncoder_Alps_EC11E-Switch_Vertical_H20mm.wrl
      (at (xyz 0 0 0))
      (scale (xyz 1 1 1))
      (rotate (xyz 0 0 0))
    )
  )

  (module Potentiometer_THT:Potentiometer_Bourns_PTV09A-1_Single_Vertical (layer F.Cu) (tedit 5C252CBA) (tstamp 5C254DF7)
    (at 29.676358 84.204736)
    (descr "Potentiometer, vertical, Bourns PTV09A-1 Single, http://www.bourns.com/docs/Product-Datasheets/ptv09.pdf")
    (tags "Potentiometer vertical Bourns PTV09A-1 Single")
    (fp_text reference REF** (at 6.05 -10.15) (layer F.SilkS)
      (effects (font (size 1 1) (thickness 0.15)))
    )
    (fp_text value Potentiometer_Bourns_PTV09A-1_Single_Vertical (at 6.05 5.15) (layer F.Fab)
      (effects (font (size 1 1) (thickness 0.15)))
    )
    (fp_text user %R (at 2 -2.5 -270) (layer F.Fab)
      (effects (font (size 1 1) (thickness 0.15)))
    )
    (fp_line (start 13.25 -9.15) (end -1.15 -9.15) (layer F.CrtYd) (width 0.05))
    (fp_line (start 13.25 4.15) (end 13.25 -9.15) (layer F.CrtYd) (width 0.05))
    (fp_line (start -1.15 4.15) (end 13.25 4.15) (layer F.CrtYd) (width 0.05))
    (fp_line (start -1.15 -9.15) (end -1.15 4.15) (layer F.CrtYd) (width 0.05))
    (fp_line (start 13.12 -7.47) (end 13.12 2.47) (layer F.SilkS) (width 0.12))
    (fp_line (start 0.88 0.87) (end 0.88 2.47) (layer F.SilkS) (width 0.12))
    (fp_line (start 0.88 -1.629) (end 0.88 -0.87) (layer F.SilkS) (width 0.12))
    (fp_line (start 0.88 -4.129) (end 0.88 -3.37) (layer F.SilkS) (width 0.12))
    (fp_line (start 0.88 -7.47) (end 0.88 -5.871) (layer F.SilkS) (width 0.12))
    (fp_line (start 9.255 2.47) (end 13.12 2.47) (layer F.SilkS) (width 0.12))
    (fp_line (start 0.88 2.47) (end 4.745 2.47) (layer F.SilkS) (width 0.12))
    (fp_line (start 9.255 -7.47) (end 13.12 -7.47) (layer F.SilkS) (width 0.12))
    (fp_line (start 0.88 -7.47) (end 4.745 -7.47) (layer F.SilkS) (width 0.12))
    (fp_line (start 13 -7.35) (end 1 -7.35) (layer F.Fab) (width 0.1))
    (fp_line (start 13 2.35) (end 13 -7.35) (layer F.Fab) (width 0.1))
    (fp_line (start 1 2.35) (end 13 2.35) (layer F.Fab) (width 0.1))
    (fp_line (start 1 -7.35) (end 1 2.35) (layer F.Fab) (width 0.1))
    (fp_circle (center 7.493 -2.54) (end 11.176 -2.54) (layer Eco2.User) (width 0.15))
    (pad 1 thru_hole circle (at 0 0) (size 1.8 1.8) (drill 1) (layers *.Cu *.Mask))
    (pad 2 thru_hole circle (at 0 -2.5) (size 1.8 1.8) (drill 1) (layers *.Cu *.Mask))
    (pad 3 thru_hole circle (at 0 -5) (size 1.8 1.8) (drill 1) (layers *.Cu *.Mask))
    (pad 4 thru_hole circle (at 7.62 -6.9) (size 3.5 3.5) (drill 1.5) (layers *.Cu *.Mask))
    (pad 5 thru_hole circle (at 7.62 1.905) (size 3.5 3.5) (drill 1.5) (layers *.Cu *.Mask))
    (model ${KISYS3DMOD}/Potentiometer_THT.3dshapes/Potentiometer_Bourns_PTV09A-1_Single_Vertical.wrl
      (at (xyz 0 0 0))
      (scale (xyz 1 1 1))
      (rotate (xyz 0 0 0))
    )
  )

  (module Potentiometer_THT:Potentiometer_Bourns_PTV09A-1_Single_Vertical (layer F.Cu) (tedit 5C252CBA) (tstamp 5C254DC1)
    (at 52.536358 84.204736)
    (descr "Potentiometer, vertical, Bourns PTV09A-1 Single, http://www.bourns.com/docs/Product-Datasheets/ptv09.pdf")
    (tags "Potentiometer vertical Bourns PTV09A-1 Single")
    (fp_text reference REF** (at 6.05 -10.15) (layer F.SilkS)
      (effects (font (size 1 1) (thickness 0.15)))
    )
    (fp_text value Potentiometer_Bourns_PTV09A-1_Single_Vertical (at 6.05 5.15) (layer F.Fab)
      (effects (font (size 1 1) (thickness 0.15)))
    )
    (fp_circle (center 7.493 -2.54) (end 11.176 -2.54) (layer Eco2.User) (width 0.15))
    (fp_line (start 1 -7.35) (end 1 2.35) (layer F.Fab) (width 0.1))
    (fp_line (start 1 2.35) (end 13 2.35) (layer F.Fab) (width 0.1))
    (fp_line (start 13 2.35) (end 13 -7.35) (layer F.Fab) (width 0.1))
    (fp_line (start 13 -7.35) (end 1 -7.35) (layer F.Fab) (width 0.1))
    (fp_line (start 0.88 -7.47) (end 4.745 -7.47) (layer F.SilkS) (width 0.12))
    (fp_line (start 9.255 -7.47) (end 13.12 -7.47) (layer F.SilkS) (width 0.12))
    (fp_line (start 0.88 2.47) (end 4.745 2.47) (layer F.SilkS) (width 0.12))
    (fp_line (start 9.255 2.47) (end 13.12 2.47) (layer F.SilkS) (width 0.12))
    (fp_line (start 0.88 -7.47) (end 0.88 -5.871) (layer F.SilkS) (width 0.12))
    (fp_line (start 0.88 -4.129) (end 0.88 -3.37) (layer F.SilkS) (width 0.12))
    (fp_line (start 0.88 -1.629) (end 0.88 -0.87) (layer F.SilkS) (width 0.12))
    (fp_line (start 0.88 0.87) (end 0.88 2.47) (layer F.SilkS) (width 0.12))
    (fp_line (start 13.12 -7.47) (end 13.12 2.47) (layer F.SilkS) (width 0.12))
    (fp_line (start -1.15 -9.15) (end -1.15 4.15) (layer F.CrtYd) (width 0.05))
    (fp_line (start -1.15 4.15) (end 13.25 4.15) (layer F.CrtYd) (width 0.05))
    (fp_line (start 13.25 4.15) (end 13.25 -9.15) (layer F.CrtYd) (width 0.05))
    (fp_line (start 13.25 -9.15) (end -1.15 -9.15) (layer F.CrtYd) (width 0.05))
    (fp_text user %R (at 2 -2.5 -270) (layer F.Fab)
      (effects (font (size 1 1) (thickness 0.15)))
    )
    (pad 5 thru_hole circle (at 7.62 1.905) (size 3.5 3.5) (drill 1.5) (layers *.Cu *.Mask))
    (pad 4 thru_hole circle (at 7.62 -6.9) (size 3.5 3.5) (drill 1.5) (layers *.Cu *.Mask))
    (pad 3 thru_hole circle (at 0 -5) (size 1.8 1.8) (drill 1) (layers *.Cu *.Mask))
    (pad 2 thru_hole circle (at 0 -2.5) (size 1.8 1.8) (drill 1) (layers *.Cu *.Mask))
    (pad 1 thru_hole circle (at 0 0) (size 1.8 1.8) (drill 1) (layers *.Cu *.Mask))
    (model ${KISYS3DMOD}/Potentiometer_THT.3dshapes/Potentiometer_Bourns_PTV09A-1_Single_Vertical.wrl
      (at (xyz 0 0 0))
      (scale (xyz 1 1 1))
      (rotate (xyz 0 0 0))
    )
  )

  (module Potentiometer_THT:Potentiometer_Bourns_PTV09A-1_Single_Vertical (layer F.Cu) (tedit 5C252CBA) (tstamp 5C254D8B)
    (at 42.376358 61.344736)
    (descr "Potentiometer, vertical, Bourns PTV09A-1 Single, http://www.bourns.com/docs/Product-Datasheets/ptv09.pdf")
    (tags "Potentiometer vertical Bourns PTV09A-1 Single")
    (fp_text reference REF** (at 6.05 -10.15) (layer F.SilkS)
      (effects (font (size 1 1) (thickness 0.15)))
    )
    (fp_text value Potentiometer_Bourns_PTV09A-1_Single_Vertical (at 6.05 5.15) (layer F.Fab)
      (effects (font (size 1 1) (thickness 0.15)))
    )
    (fp_text user %R (at 2 -2.5 -270) (layer F.Fab)
      (effects (font (size 1 1) (thickness 0.15)))
    )
    (fp_line (start 13.25 -9.15) (end -1.15 -9.15) (layer F.CrtYd) (width 0.05))
    (fp_line (start 13.25 4.15) (end 13.25 -9.15) (layer F.CrtYd) (width 0.05))
    (fp_line (start -1.15 4.15) (end 13.25 4.15) (layer F.CrtYd) (width 0.05))
    (fp_line (start -1.15 -9.15) (end -1.15 4.15) (layer F.CrtYd) (width 0.05))
    (fp_line (start 13.12 -7.47) (end 13.12 2.47) (layer F.SilkS) (width 0.12))
    (fp_line (start 0.88 0.87) (end 0.88 2.47) (layer F.SilkS) (width 0.12))
    (fp_line (start 0.88 -1.629) (end 0.88 -0.87) (layer F.SilkS) (width 0.12))
    (fp_line (start 0.88 -4.129) (end 0.88 -3.37) (layer F.SilkS) (width 0.12))
    (fp_line (start 0.88 -7.47) (end 0.88 -5.871) (layer F.SilkS) (width 0.12))
    (fp_line (start 9.255 2.47) (end 13.12 2.47) (layer F.SilkS) (width 0.12))
    (fp_line (start 0.88 2.47) (end 4.745 2.47) (layer F.SilkS) (width 0.12))
    (fp_line (start 9.255 -7.47) (end 13.12 -7.47) (layer F.SilkS) (width 0.12))
    (fp_line (start 0.88 -7.47) (end 4.745 -7.47) (layer F.SilkS) (width 0.12))
    (fp_line (start 13 -7.35) (end 1 -7.35) (layer F.Fab) (width 0.1))
    (fp_line (start 13 2.35) (end 13 -7.35) (layer F.Fab) (width 0.1))
    (fp_line (start 1 2.35) (end 13 2.35) (layer F.Fab) (width 0.1))
    (fp_line (start 1 -7.35) (end 1 2.35) (layer F.Fab) (width 0.1))
    (fp_circle (center 7.493 -2.54) (end 11.176 -2.54) (layer Eco2.User) (width 0.15))
    (pad 1 thru_hole circle (at 0 0) (size 1.8 1.8) (drill 1) (layers *.Cu *.Mask))
    (pad 2 thru_hole circle (at 0 -2.5) (size 1.8 1.8) (drill 1) (layers *.Cu *.Mask))
    (pad 3 thru_hole circle (at 0 -5) (size 1.8 1.8) (drill 1) (layers *.Cu *.Mask))
    (pad 4 thru_hole circle (at 7.62 -6.9) (size 3.5 3.5) (drill 1.5) (layers *.Cu *.Mask))
    (pad 5 thru_hole circle (at 7.62 1.905) (size 3.5 3.5) (drill 1.5) (layers *.Cu *.Mask))
    (model ${KISYS3DMOD}/Potentiometer_THT.3dshapes/Potentiometer_Bourns_PTV09A-1_Single_Vertical.wrl
      (at (xyz 0 0 0))
      (scale (xyz 1 1 1))
      (rotate (xyz 0 0 0))
    )
  )

  (module Potentiometer_THT:Potentiometer_Bourns_PTV09A-1_Single_Vertical (layer F.Cu) (tedit 5C252CBA) (tstamp 5C254D55)
    (at 52.536358 38.484736)
    (descr "Potentiometer, vertical, Bourns PTV09A-1 Single, http://www.bourns.com/docs/Product-Datasheets/ptv09.pdf")
    (tags "Potentiometer vertical Bourns PTV09A-1 Single")
    (fp_text reference REF** (at 6.05 -10.15) (layer F.SilkS)
      (effects (font (size 1 1) (thickness 0.15)))
    )
    (fp_text value Potentiometer_Bourns_PTV09A-1_Single_Vertical (at 6.05 5.15) (layer F.Fab)
      (effects (font (size 1 1) (thickness 0.15)))
    )
    (fp_circle (center 7.493 -2.54) (end 11.176 -2.54) (layer Eco2.User) (width 0.15))
    (fp_line (start 1 -7.35) (end 1 2.35) (layer F.Fab) (width 0.1))
    (fp_line (start 1 2.35) (end 13 2.35) (layer F.Fab) (width 0.1))
    (fp_line (start 13 2.35) (end 13 -7.35) (layer F.Fab) (width 0.1))
    (fp_line (start 13 -7.35) (end 1 -7.35) (layer F.Fab) (width 0.1))
    (fp_line (start 0.88 -7.47) (end 4.745 -7.47) (layer F.SilkS) (width 0.12))
    (fp_line (start 9.255 -7.47) (end 13.12 -7.47) (layer F.SilkS) (width 0.12))
    (fp_line (start 0.88 2.47) (end 4.745 2.47) (layer F.SilkS) (width 0.12))
    (fp_line (start 9.255 2.47) (end 13.12 2.47) (layer F.SilkS) (width 0.12))
    (fp_line (start 0.88 -7.47) (end 0.88 -5.871) (layer F.SilkS) (width 0.12))
    (fp_line (start 0.88 -4.129) (end 0.88 -3.37) (layer F.SilkS) (width 0.12))
    (fp_line (start 0.88 -1.629) (end 0.88 -0.87) (layer F.SilkS) (width 0.12))
    (fp_line (start 0.88 0.87) (end 0.88 2.47) (layer F.SilkS) (width 0.12))
    (fp_line (start 13.12 -7.47) (end 13.12 2.47) (layer F.SilkS) (width 0.12))
    (fp_line (start -1.15 -9.15) (end -1.15 4.15) (layer F.CrtYd) (width 0.05))
    (fp_line (start -1.15 4.15) (end 13.25 4.15) (layer F.CrtYd) (width 0.05))
    (fp_line (start 13.25 4.15) (end 13.25 -9.15) (layer F.CrtYd) (width 0.05))
    (fp_line (start 13.25 -9.15) (end -1.15 -9.15) (layer F.CrtYd) (width 0.05))
    (fp_text user %R (at 2 -2.5 -270) (layer F.Fab)
      (effects (font (size 1 1) (thickness 0.15)))
    )
    (pad 5 thru_hole circle (at 7.62 1.905) (size 3.5 3.5) (drill 1.5) (layers *.Cu *.Mask))
    (pad 4 thru_hole circle (at 7.62 -6.9) (size 3.5 3.5) (drill 1.5) (layers *.Cu *.Mask))
    (pad 3 thru_hole circle (at 0 -5) (size 1.8 1.8) (drill 1) (layers *.Cu *.Mask))
    (pad 2 thru_hole circle (at 0 -2.5) (size 1.8 1.8) (drill 1) (layers *.Cu *.Mask))
    (pad 1 thru_hole circle (at 0 0) (size 1.8 1.8) (drill 1) (layers *.Cu *.Mask))
    (model ${KISYS3DMOD}/Potentiometer_THT.3dshapes/Potentiometer_Bourns_PTV09A-1_Single_Vertical.wrl
      (at (xyz 0 0 0))
      (scale (xyz 1 1 1))
      (rotate (xyz 0 0 0))
    )
  )

  (module Potentiometer_THT:Potentiometer_Bourns_PTV09A-1_Single_Vertical (layer F.Cu) (tedit 5C252CBA) (tstamp 5C254D1F)
    (at 29.676358 38.484736)
    (descr "Potentiometer, vertical, Bourns PTV09A-1 Single, http://www.bourns.com/docs/Product-Datasheets/ptv09.pdf")
    (tags "Potentiometer vertical Bourns PTV09A-1 Single")
    (fp_text reference REF** (at 6.05 -10.15) (layer F.SilkS)
      (effects (font (size 1 1) (thickness 0.15)))
    )
    (fp_text value Potentiometer_Bourns_PTV09A-1_Single_Vertical (at 6.05 5.15) (layer F.Fab)
      (effects (font (size 1 1) (thickness 0.15)))
    )
    (fp_text user %R (at 2 -2.5 -270) (layer F.Fab)
      (effects (font (size 1 1) (thickness 0.15)))
    )
    (fp_line (start 13.25 -9.15) (end -1.15 -9.15) (layer F.CrtYd) (width 0.05))
    (fp_line (start 13.25 4.15) (end 13.25 -9.15) (layer F.CrtYd) (width 0.05))
    (fp_line (start -1.15 4.15) (end 13.25 4.15) (layer F.CrtYd) (width 0.05))
    (fp_line (start -1.15 -9.15) (end -1.15 4.15) (layer F.CrtYd) (width 0.05))
    (fp_line (start 13.12 -7.47) (end 13.12 2.47) (layer F.SilkS) (width 0.12))
    (fp_line (start 0.88 0.87) (end 0.88 2.47) (layer F.SilkS) (width 0.12))
    (fp_line (start 0.88 -1.629) (end 0.88 -0.87) (layer F.SilkS) (width 0.12))
    (fp_line (start 0.88 -4.129) (end 0.88 -3.37) (layer F.SilkS) (width 0.12))
    (fp_line (start 0.88 -7.47) (end 0.88 -5.871) (layer F.SilkS) (width 0.12))
    (fp_line (start 9.255 2.47) (end 13.12 2.47) (layer F.SilkS) (width 0.12))
    (fp_line (start 0.88 2.47) (end 4.745 2.47) (layer F.SilkS) (width 0.12))
    (fp_line (start 9.255 -7.47) (end 13.12 -7.47) (layer F.SilkS) (width 0.12))
    (fp_line (start 0.88 -7.47) (end 4.745 -7.47) (layer F.SilkS) (width 0.12))
    (fp_line (start 13 -7.35) (end 1 -7.35) (layer F.Fab) (width 0.1))
    (fp_line (start 13 2.35) (end 13 -7.35) (layer F.Fab) (width 0.1))
    (fp_line (start 1 2.35) (end 13 2.35) (layer F.Fab) (width 0.1))
    (fp_line (start 1 -7.35) (end 1 2.35) (layer F.Fab) (width 0.1))
    (fp_circle (center 7.493 -2.54) (end 11.176 -2.54) (layer Eco2.User) (width 0.15))
    (pad 1 thru_hole circle (at 0 0) (size 1.8 1.8) (drill 1) (layers *.Cu *.Mask))
    (pad 2 thru_hole circle (at 0 -2.5) (size 1.8 1.8) (drill 1) (layers *.Cu *.Mask))
    (pad 3 thru_hole circle (at 0 -5) (size 1.8 1.8) (drill 1) (layers *.Cu *.Mask))
    (pad 4 thru_hole circle (at 7.62 -6.9) (size 3.5 3.5) (drill 1.5) (layers *.Cu *.Mask))
    (pad 5 thru_hole circle (at 7.62 1.905) (size 3.5 3.5) (drill 1.5) (layers *.Cu *.Mask))
    (model ${KISYS3DMOD}/Potentiometer_THT.3dshapes/Potentiometer_Bourns_PTV09A-1_Single_Vertical.wrl
      (at (xyz 0 0 0))
      (scale (xyz 1 1 1))
      (rotate (xyz 0 0 0))
    )
  )

  (module Potentiometer_THT:Potentiometer_Bourns_PTV09A-1_Single_Vertical (layer F.Cu) (tedit 5C252CBA) (tstamp 5C254CE9)
    (at 19.516358 61.344736)
    (descr "Potentiometer, vertical, Bourns PTV09A-1 Single, http://www.bourns.com/docs/Product-Datasheets/ptv09.pdf")
    (tags "Potentiometer vertical Bourns PTV09A-1 Single")
    (fp_text reference REF** (at 6.05 -10.15) (layer F.SilkS)
      (effects (font (size 1 1) (thickness 0.15)))
    )
    (fp_text value Potentiometer_Bourns_PTV09A-1_Single_Vertical (at 6.05 5.15) (layer F.Fab)
      (effects (font (size 1 1) (thickness 0.15)))
    )
    (fp_circle (center 7.493 -2.54) (end 11.176 -2.54) (layer Eco2.User) (width 0.15))
    (fp_line (start 1 -7.35) (end 1 2.35) (layer F.Fab) (width 0.1))
    (fp_line (start 1 2.35) (end 13 2.35) (layer F.Fab) (width 0.1))
    (fp_line (start 13 2.35) (end 13 -7.35) (layer F.Fab) (width 0.1))
    (fp_line (start 13 -7.35) (end 1 -7.35) (layer F.Fab) (width 0.1))
    (fp_line (start 0.88 -7.47) (end 4.745 -7.47) (layer F.SilkS) (width 0.12))
    (fp_line (start 9.255 -7.47) (end 13.12 -7.47) (layer F.SilkS) (width 0.12))
    (fp_line (start 0.88 2.47) (end 4.745 2.47) (layer F.SilkS) (width 0.12))
    (fp_line (start 9.255 2.47) (end 13.12 2.47) (layer F.SilkS) (width 0.12))
    (fp_line (start 0.88 -7.47) (end 0.88 -5.871) (layer F.SilkS) (width 0.12))
    (fp_line (start 0.88 -4.129) (end 0.88 -3.37) (layer F.SilkS) (width 0.12))
    (fp_line (start 0.88 -1.629) (end 0.88 -0.87) (layer F.SilkS) (width 0.12))
    (fp_line (start 0.88 0.87) (end 0.88 2.47) (layer F.SilkS) (width 0.12))
    (fp_line (start 13.12 -7.47) (end 13.12 2.47) (layer F.SilkS) (width 0.12))
    (fp_line (start -1.15 -9.15) (end -1.15 4.15) (layer F.CrtYd) (width 0.05))
    (fp_line (start -1.15 4.15) (end 13.25 4.15) (layer F.CrtYd) (width 0.05))
    (fp_line (start 13.25 4.15) (end 13.25 -9.15) (layer F.CrtYd) (width 0.05))
    (fp_line (start 13.25 -9.15) (end -1.15 -9.15) (layer F.CrtYd) (width 0.05))
    (fp_text user %R (at 2 -2.5 -270) (layer F.Fab)
      (effects (font (size 1 1) (thickness 0.15)))
    )
    (pad 5 thru_hole circle (at 7.62 1.905) (size 3.5 3.5) (drill 1.5) (layers *.Cu *.Mask))
    (pad 4 thru_hole circle (at 7.62 -6.9) (size 3.5 3.5) (drill 1.5) (layers *.Cu *.Mask))
    (pad 3 thru_hole circle (at 0 -5) (size 1.8 1.8) (drill 1) (layers *.Cu *.Mask))
    (pad 2 thru_hole circle (at 0 -2.5) (size 1.8 1.8) (drill 1) (layers *.Cu *.Mask))
    (pad 1 thru_hole circle (at 0 0) (size 1.8 1.8) (drill 1) (layers *.Cu *.Mask))
    (model ${KISYS3DMOD}/Potentiometer_THT.3dshapes/Potentiometer_Bourns_PTV09A-1_Single_Vertical.wrl
      (at (xyz 0 0 0))
      (scale (xyz 1 1 1))
      (rotate (xyz 0 0 0))
    )
  )

  (module Potentiometer_THT:Potentiometer_Bourns_PTV09A-1_Single_Vertical (layer F.Cu) (tedit 5C252CBA) (tstamp 5C25724D)
    (at 6.816358 84.204736)
    (descr "Potentiometer, vertical, Bourns PTV09A-1 Single, http://www.bourns.com/docs/Product-Datasheets/ptv09.pdf")
    (tags "Potentiometer vertical Bourns PTV09A-1 Single")
    (fp_text reference REF** (at 6.05 -10.15) (layer F.SilkS)
      (effects (font (size 1 1) (thickness 0.15)))
    )
    (fp_text value Potentiometer_Bourns_PTV09A-1_Single_Vertical (at 6.05 5.15) (layer F.Fab)
      (effects (font (size 1 1) (thickness 0.15)))
    )
    (fp_text user %R (at 2 -2.5 -270) (layer F.Fab)
      (effects (font (size 1 1) (thickness 0.15)))
    )
    (fp_line (start 13.25 -9.15) (end -1.15 -9.15) (layer F.CrtYd) (width 0.05))
    (fp_line (start 13.25 4.15) (end 13.25 -9.15) (layer F.CrtYd) (width 0.05))
    (fp_line (start -1.15 4.15) (end 13.25 4.15) (layer F.CrtYd) (width 0.05))
    (fp_line (start -1.15 -9.15) (end -1.15 4.15) (layer F.CrtYd) (width 0.05))
    (fp_line (start 13.12 -7.47) (end 13.12 2.47) (layer F.SilkS) (width 0.12))
    (fp_line (start 0.88 0.87) (end 0.88 2.47) (layer F.SilkS) (width 0.12))
    (fp_line (start 0.88 -1.629) (end 0.88 -0.87) (layer F.SilkS) (width 0.12))
    (fp_line (start 0.88 -4.129) (end 0.88 -3.37) (layer F.SilkS) (width 0.12))
    (fp_line (start 0.88 -7.47) (end 0.88 -5.871) (layer F.SilkS) (width 0.12))
    (fp_line (start 9.255 2.47) (end 13.12 2.47) (layer F.SilkS) (width 0.12))
    (fp_line (start 0.88 2.47) (end 4.745 2.47) (layer F.SilkS) (width 0.12))
    (fp_line (start 9.255 -7.47) (end 13.12 -7.47) (layer F.SilkS) (width 0.12))
    (fp_line (start 0.88 -7.47) (end 4.745 -7.47) (layer F.SilkS) (width 0.12))
    (fp_line (start 13 -7.35) (end 1 -7.35) (layer F.Fab) (width 0.1))
    (fp_line (start 13 2.35) (end 13 -7.35) (layer F.Fab) (width 0.1))
    (fp_line (start 1 2.35) (end 13 2.35) (layer F.Fab) (width 0.1))
    (fp_line (start 1 -7.35) (end 1 2.35) (layer F.Fab) (width 0.1))
    (fp_circle (center 7.493 -2.54) (end 11.176 -2.54) (layer Eco2.User) (width 0.15))
    (pad 1 thru_hole circle (at 0 0) (size 1.8 1.8) (drill 1) (layers *.Cu *.Mask))
    (pad 2 thru_hole circle (at 0 -2.5) (size 1.8 1.8) (drill 1) (layers *.Cu *.Mask))
    (pad 3 thru_hole circle (at 0 -5) (size 1.8 1.8) (drill 1) (layers *.Cu *.Mask))
    (pad 4 thru_hole circle (at 7.62 -6.9) (size 3.5 3.5) (drill 1.5) (layers *.Cu *.Mask))
    (pad 5 thru_hole circle (at 7.62 1.905) (size 3.5 3.5) (drill 1.5) (layers *.Cu *.Mask))
    (model ${KISYS3DMOD}/Potentiometer_THT.3dshapes/Potentiometer_Bourns_PTV09A-1_Single_Vertical.wrl
      (at (xyz 0 0 0))
      (scale (xyz 1 1 1))
      (rotate (xyz 0 0 0))
    )
  )

  (module Connector_PinHeader_2.54mm:PinHeader_1x14_P2.54mm_Vertical (layer F.Cu) (tedit 5C22A3DB) (tstamp 5C256EE4)
    (at 9.991358 32.134736)
    (descr "Through hole straight pin header, 1x14, 2.54mm pitch, single row")
    (tags "Through hole pin header THT 1x14 2.54mm single row")
    (fp_text reference REF** (at 0 -2.33) (layer F.SilkS)
      (effects (font (size 1 1) (thickness 0.15)))
    )
    (fp_text value PinHeader_1x14_P2.54mm_Vertical (at 0 35.35) (layer F.Fab)
      (effects (font (size 1 1) (thickness 0.15)))
    )
    (fp_text user %R (at 0 16.51 -270) (layer F.Fab)
      (effects (font (size 1 1) (thickness 0.15)))
    )
    (fp_line (start 1.8 -1.8) (end -1.8 -1.8) (layer F.CrtYd) (width 0.05))
    (fp_line (start 1.8 34.8) (end 1.8 -1.8) (layer F.CrtYd) (width 0.05))
    (fp_line (start -1.8 34.8) (end 1.8 34.8) (layer F.CrtYd) (width 0.05))
    (fp_line (start -1.8 -1.8) (end -1.8 34.8) (layer F.CrtYd) (width 0.05))
    (fp_line (start -1.33 -1.33) (end 0 -1.33) (layer F.SilkS) (width 0.12))
    (fp_line (start -1.33 0) (end -1.33 -1.33) (layer F.SilkS) (width 0.12))
    (fp_line (start -1.33 1.27) (end 1.33 1.27) (layer F.SilkS) (width 0.12))
    (fp_line (start 1.33 1.27) (end 1.33 34.35) (layer F.SilkS) (width 0.12))
    (fp_line (start -1.33 1.27) (end -1.33 34.35) (layer F.SilkS) (width 0.12))
    (fp_line (start -1.33 34.35) (end 1.33 34.35) (layer F.SilkS) (width 0.12))
    (fp_line (start -1.27 -0.635) (end -0.635 -1.27) (layer F.Fab) (width 0.1))
    (fp_line (start -1.27 34.29) (end -1.27 -0.635) (layer F.Fab) (width 0.1))
    (fp_line (start 1.27 34.29) (end -1.27 34.29) (layer F.Fab) (width 0.1))
    (fp_line (start 1.27 -1.27) (end 1.27 34.29) (layer F.Fab) (width 0.1))
    (fp_line (start -0.635 -1.27) (end 1.27 -1.27) (layer F.Fab) (width 0.1))
    (pad VDD thru_hole oval (at 0 33.02) (size 1.7 1.7) (drill 1) (layers *.Cu *.Mask))
    (pad S thru_hole oval (at 0 30.48) (size 1.7 1.7) (drill 1) (layers *.Cu *.Mask))
    (pad A thru_hole oval (at 0 27.94) (size 1.7 1.7) (drill 1) (layers *.Cu *.Mask))
    (pad B thru_hole oval (at 0 25.4) (size 1.7 1.7) (drill 1) (layers *.Cu *.Mask))
    (pad SW1 thru_hole oval (at 0 22.86) (size 1.7 1.7) (drill 1) (layers *.Cu *.Mask))
    (pad SW2 thru_hole oval (at 0 20.32) (size 1.7 1.7) (drill 1) (layers *.Cu *.Mask))
    (pad P1 thru_hole oval (at 0 17.78) (size 1.7 1.7) (drill 1) (layers *.Cu *.Mask))
    (pad P2 thru_hole oval (at 0 15.24) (size 1.7 1.7) (drill 1) (layers *.Cu *.Mask))
    (pad P3 thru_hole oval (at 0 12.7) (size 1.7 1.7) (drill 1) (layers *.Cu *.Mask))
    (pad P4 thru_hole oval (at 0 10.16) (size 1.7 1.7) (drill 1) (layers *.Cu *.Mask))
    (pad P5 thru_hole oval (at 0 7.62) (size 1.7 1.7) (drill 1) (layers *.Cu *.Mask))
    (pad P6 thru_hole oval (at 0 5.08) (size 1.7 1.7) (drill 1) (layers *.Cu *.Mask))
    (pad P7 thru_hole oval (at 0 2.54) (size 1.7 1.7) (drill 1) (layers *.Cu *.Mask))
    (pad GND thru_hole rect (at 0 0) (size 1.7 1.7) (drill 1) (layers *.Cu *.Mask))
    (model ${KISYS3DMOD}/Connector_PinHeader_2.54mm.3dshapes/PinHeader_1x14_P2.54mm_Vertical.wrl
      (at (xyz 0 0 0))
      (scale (xyz 1 1 1))
      (rotate (xyz 0 0 0))
    )
  )

  (gr_line (start 25.156358 98.529736) (end 34.156358 92.529736) (layer B.SilkS) (width 0.2) (tstamp 5C257098))
  (gr_line (start 25.156358 119.529736) (end 25.156358 98.529736) (layer B.SilkS) (width 0.2) (tstamp 5C257095))
  (gr_line (start 0.156358 119.529736) (end 0.156358 106.529736) (layer B.SilkS) (width 0.2) (tstamp 5C25708C))
  (gr_line (start 25.156358 119.529736) (end 0.156358 119.529736) (layer B.SilkS) (width 0.2) (tstamp 5C257092))
  (gr_line (start 69.156358 92.529736) (end 34.156358 92.529736) (layer B.SilkS) (width 0.2) (tstamp 5C25707D))
  (gr_line (start 69.156358 22.529736) (end 69.156358 92.529736) (layer B.SilkS) (width 0.2) (tstamp 5C257089))
  (gr_line (start 35.156358 22.529736) (end 69.156358 22.529736) (layer B.SilkS) (width 0.2) (tstamp 5C257083))
  (gr_line (start 20.156358 27.529736) (end 35.156358 22.529736) (layer B.SilkS) (width 0.2) (tstamp 5C25708F))
  (gr_line (start 0.156358 27.529736) (end 20.156358 27.529736) (layer B.SilkS) (width 0.2) (tstamp 5C257086))
  (gr_line (start 0.156358 109.529736) (end 0.156358 27.529736) (layer B.SilkS) (width 0.2) (tstamp 5C257080))
  (gr_poly (pts (xy 390 172) (xy 390 228) (xy 472 228) (xy 472 172)) (layer B.Mask) (width 0.15) (tstamp 5C2A1A54))
  (gr_poly (pts (xy 130 138) (xy 130 263) (xy 390 263) (xy 390 138)) (layer B.Mask) (width 0.15) (tstamp 5C2AAE5C))

  (segment (start 28.326358 32.134736) (end 29.676358 33.484736) (width 0.6) (layer B.Cu) (net 0) (tstamp 5C25704A))
  (segment (start 9.991358 32.134736) (end 28.326358 32.134736) (width 0.6) (layer B.Cu) (net 0) (tstamp 5C257002))
  (segment (start 30.576357 32.584737) (end 30.576357 32.504737) (width 0.6) (layer B.Cu) (net 0) (tstamp 5C256FFF))
  (segment (start 29.676358 33.484736) (end 30.576357 32.584737) (width 0.6) (layer B.Cu) (net 0) (tstamp 5C256FFC))
  (segment (start 30.576357 32.504737) (end 35.391358 27.689736) (width 0.6) (layer B.Cu) (net 0) (tstamp 5C256FF3))
  (segment (start 46.741358 27.689736) (end 52.536358 33.484736) (width 0.6) (layer B.Cu) (net 0) (tstamp 5C256FED))
  (segment (start 35.391358 27.689736) (end 46.741358 27.689736) (width 0.6) (layer B.Cu) (net 0) (tstamp 5C257017))
  (segment (start 29.676358 35.984736) (end 26.541358 35.984736) (width 0.6) (layer B.Cu) (net 0) (tstamp 5C257047))
  (segment (start 25.231358 34.674736) (end 9.991358 34.674736) (width 0.6) (layer B.Cu) (net 0) (tstamp 5C256FF9))
  (segment (start 26.541358 35.984736) (end 25.231358 34.674736) (width 0.6) (layer B.Cu) (net 0) (tstamp 5C256FF6))
  (segment (start 19.516358 58.844736) (end 21.381358 58.844736) (width 0.6) (layer B.Cu) (net 0) (tstamp 5C257023))
  (segment (start 21.381358 58.844736) (end 22.691358 57.534736) (width 0.6) (layer B.Cu) (net 0) (tstamp 5C25702F))
  (segment (start 22.691358 57.534736) (end 22.691358 44.199736) (width 0.6) (layer B.Cu) (net 0) (tstamp 5C257038))
  (segment (start 20.786358 42.294736) (end 9.991358 42.294736) (width 0.6) (layer B.Cu) (net 0) (tstamp 5C257035))
  (segment (start 22.691358 44.199736) (end 20.786358 42.294736) (width 0.6) (layer B.Cu) (net 0) (tstamp 5C25701A))
  (segment (start 29.676358 81.704736) (end 27.176358 81.704736) (width 0.6) (layer B.Cu) (net 0) (tstamp 5C256FA8))
  (segment (start 27.176358 81.704736) (end 16.341358 70.869736) (width 0.6) (layer B.Cu) (net 0) (tstamp 5C256F96))
  (segment (start 16.341358 70.869736) (end 16.341358 47.374736) (width 0.6) (layer B.Cu) (net 0) (tstamp 5C256F63))
  (segment (start 16.341358 47.374736) (end 9.991358 47.374736) (width 0.6) (layer B.Cu) (net 0) (tstamp 5C256FC0))
  (segment (start 6.816358 81.704736) (end 9.316358 81.704736) (width 0.6) (layer B.Cu) (net 0) (tstamp 5C256F60))
  (segment (start 9.316358 81.704736) (end 11.261358 79.759736) (width 0.6) (layer B.Cu) (net 0) (tstamp 5C256FCF))
  (segment (start 11.261358 79.759736) (end 11.261358 74.679736) (width 0.6) (layer B.Cu) (net 0) (tstamp 5C256F4E))
  (segment (start 11.261358 74.679736) (end 15.071358 70.869736) (width 0.6) (layer B.Cu) (net 0) (tstamp 5C256F99))
  (segment (start 15.071358 70.869736) (end 15.071358 51.184736) (width 0.6) (layer B.Cu) (net 0) (tstamp 5C256FBA))
  (segment (start 13.801358 49.914736) (end 9.991358 49.914736) (width 0.6) (layer B.Cu) (net 0) (tstamp 5C256FB4))
  (segment (start 15.071358 51.184736) (end 13.801358 49.914736) (width 0.6) (layer B.Cu) (net 0) (tstamp 5C256F93))
  (segment (start 52.536358 79.204736) (end 54.521358 79.204736) (width 0.6) (layer B.Cu) (net 0) (tstamp 5C256F33))
  (segment (start 54.521358 79.204736) (end 55.711358 80.394736) (width 0.6) (layer B.Cu) (net 0) (tstamp 5C256FD2))
  (segment (start 55.711358 80.394736) (end 55.711358 85.474736) (width 0.6) (layer B.Cu) (net 0) (tstamp 5C256F2A))
  (segment (start 55.711358 85.474736) (end 53.171358 88.014736) (width 0.6) (layer B.Cu) (net 0) (tstamp 5C256FE7))
  (segment (start 53.171358 88.014736) (end 46.821358 88.014736) (width 0.6) (layer B.Cu) (net 0) (tstamp 5C256FE4))
  (segment (start 46.821358 88.014736) (end 40.471358 81.664736) (width 0.6) (layer B.Cu) (net 0) (tstamp 5C256FE1))
  (segment (start 40.471358 81.664736) (end 34.756358 81.664736) (width 0.6) (layer B.Cu) (net 0) (tstamp 5C256FDE))
  (segment (start 13.126358 112.144736) (end 13.126358 103.294736) (width 0.6) (layer B.Cu) (net 0) (tstamp 5C256FB1))
  (segment (start 15.626358 100.794736) (end 15.626358 97.644736) (width 0.6) (layer B.Cu) (net 0) (tstamp 5C256F9F))
  (segment (start 13.126358 103.294736) (end 15.626358 100.794736) (width 0.6) (layer B.Cu) (net 0) (tstamp 5C256F81))
  (segment (start 9.991358 54.994736) (end 6.181358 54.994736) (width 0.6) (layer B.Cu) (net 0) (tstamp 5C256FAB))
  (segment (start 6.181358 52.454736) (end 6.181358 52.454736) (width 0.6) (layer B.Cu) (net 0) (tstamp 5C256F78))
  (via (at 9.991358 68.964736) (size 3) (drill 1.5) (layers F.Cu B.Cu) (net 0) (tstamp 5C25709B))
  (segment (start 9.991358 68.964736) (end 9.991358 65.154736) (width 0.8) (layer B.Cu) (net 0) (tstamp 5C256F27))
  (segment (start 6.181358 54.994736) (end 6.181358 54.994736) (width 0.6) (layer B.Cu) (net 0) (tstamp 5C252C20))
  (via (at 6.181358 54.994736) (size 2) (drill 1) (layers F.Cu B.Cu) (net 0))
  (segment (start 6.181358 52.454736) (end 9.991358 52.454736) (width 0.6) (layer B.Cu) (net 0) (tstamp 5C252C22))
  (via (at 6.181358 52.454736) (size 2) (drill 1) (layers F.Cu B.Cu) (net 0))
  (via (at 6.181358 49.851236) (size 2) (drill 1) (layers F.Cu B.Cu) (net 0))
  (segment (start 6.181358 49.851236) (end 6.181358 33.658736) (width 0.6) (layer B.Cu) (net 0))
  (segment (start 7.705358 32.134736) (end 9.991358 32.134736) (width 0.6) (layer B.Cu) (net 0))
  (segment (start 6.181358 33.658736) (end 7.705358 32.134736) (width 0.6) (layer B.Cu) (net 0))
  (segment (start 42.376358 52.454736) (end 42.376358 56.344736) (width 0.6) (layer B.Cu) (net 0))
  (segment (start 56.282858 46.739736) (end 48.091358 46.739736) (width 0.6) (layer B.Cu) (net 0))
  (segment (start 48.091358 46.739736) (end 42.376358 52.454736) (width 0.6) (layer B.Cu) (net 0))
  (segment (start 20.786358 39.754736) (end 9.991358 39.754736) (width 0.6) (layer B.Cu) (net 0))
  (segment (start 39.836358 58.804736) (end 20.786358 39.754736) (width 0.6) (layer B.Cu) (net 0))
  (segment (start 42.376358 58.844736) (end 42.336358 58.804736) (width 0.6) (layer B.Cu) (net 0))
  (segment (start 42.336358 58.804736) (end 39.836358 58.804736) (width 0.6) (layer B.Cu) (net 0))
  (segment (start 16.976358 44.834736) (end 9.991358 44.834736) (width 0.6) (layer B.Cu) (net 0))
  (segment (start 52.432858 81.601236) (end 50.504358 81.601236) (width 0.6) (layer B.Cu) (net 0))
  (segment (start 52.536358 81.704736) (end 52.432858 81.601236) (width 0.6) (layer B.Cu) (net 0))
  (segment (start 50.504358 81.601236) (end 38.820358 69.917236) (width 0.6) (layer B.Cu) (net 0))
  (segment (start 17.611358 45.469736) (end 16.976358 44.834736) (width 0.6) (layer B.Cu) (net 0))
  (segment (start 38.820358 69.917236) (end 20.278358 69.917236) (width 0.6) (layer B.Cu) (net 0))
  (segment (start 20.278358 69.917236) (end 17.611358 67.250236) (width 0.6) (layer B.Cu) (net 0))
  (segment (start 17.611358 67.250236) (end 17.611358 45.469736) (width 0.6) (layer B.Cu) (net 0))
  (segment (start 32.136358 79.204736) (end 29.676358 79.204736) (width 0.6) (layer B.Cu) (net 0))
  (segment (start 32.152858 79.188236) (end 32.136358 79.204736) (width 0.6) (layer B.Cu) (net 0))
  (segment (start 34.756358 81.664736) (end 34.629358 81.664736) (width 0.6) (layer B.Cu) (net 0))
  (segment (start 33.486358 81.664736) (end 34.756358 81.664736) (width 0.6) (layer B.Cu) (net 0))
  (segment (start 33.486358 80.521736) (end 32.152858 79.188236) (width 0.6) (layer B.Cu) (net 0))
  (segment (start 33.486358 81.664736) (end 33.486358 80.521736) (width 0.6) (layer B.Cu) (net 0))
  (segment (start 33.486358 86.744736) (end 33.486358 81.664736) (width 0.6) (layer B.Cu) (net 0))
  (segment (start 28.279358 91.951736) (end 33.486358 86.744736) (width 0.6) (layer B.Cu) (net 0))
  (segment (start 16.722358 91.951736) (end 28.279358 91.951736) (width 0.6) (layer B.Cu) (net 0))
  (segment (start 15.515858 93.158236) (end 16.722358 91.951736) (width 0.6) (layer B.Cu) (net 0))
  (segment (start 15.626358 97.644736) (end 15.515858 97.534236) (width 0.6) (layer B.Cu) (net 0))
  (segment (start 15.515858 97.534236) (end 15.515858 93.158236) (width 0.6) (layer B.Cu) (net 0))
  (segment (start 6.816358 60.074736) (end 9.991358 60.074736) (width 0.6) (layer B.Cu) (net 0))
  (segment (start 3.006358 63.884736) (end 6.816358 60.074736) (width 0.6) (layer B.Cu) (net 0))
  (segment (start 3.006358 106.124736) (end 3.006358 63.884736) (width 0.6) (layer B.Cu) (net 0))
  (segment (start 10.626358 112.144736) (end 9.026358 112.144736) (width 0.6) (layer B.Cu) (net 0))
  (segment (start 9.026358 112.144736) (end 3.006358 106.124736) (width 0.6) (layer B.Cu) (net 0))
  (segment (start 6.816358 62.614736) (end 9.991358 62.614736) (width 0.6) (layer B.Cu) (net 0))
  (segment (start 10.626358 94.809236) (end 7.705358 91.888236) (width 0.6) (layer B.Cu) (net 0))
  (segment (start 10.626358 97.644736) (end 10.626358 94.809236) (width 0.6) (layer B.Cu) (net 0))
  (segment (start 7.705358 91.888236) (end 4.466858 91.888236) (width 0.6) (layer B.Cu) (net 0))
  (segment (start 4.466858 91.888236) (end 4.276358 91.697736) (width 0.6) (layer B.Cu) (net 0))
  (segment (start 4.276358 91.697736) (end 4.276358 65.154736) (width 0.6) (layer B.Cu) (net 0))
  (segment (start 4.276358 65.154736) (end 6.816358 62.614736) (width 0.6) (layer B.Cu) (net 0))
  (segment (start 7.451358 57.534736) (end 9.991358 57.534736) (width 0.6) (layer B.Cu) (net 0))
  (segment (start 15.626358 114.604736) (end 15.609858 114.621236) (width 0.6) (layer B.Cu) (net 0))
  (segment (start 15.626358 112.144736) (end 15.626358 114.604736) (width 0.6) (layer B.Cu) (net 0))
  (segment (start 7.641858 114.621236) (end 1.736358 108.715736) (width 0.6) (layer B.Cu) (net 0))
  (segment (start 15.609858 114.621236) (end 7.641858 114.621236) (width 0.6) (layer B.Cu) (net 0))
  (segment (start 1.736358 108.715736) (end 1.736358 63.249736) (width 0.6) (layer B.Cu) (net 0))
  (segment (start 1.736358 63.249736) (end 7.451358 57.534736) (width 0.6) (layer B.Cu) (net 0))
  (via (at 49.932858 84.204736) (size 2) (drill 1) (layers F.Cu B.Cu) (net 0))
  (segment (start 26.501358 84.204736) (end 26.501358 84.204736) (width 0.6) (layer B.Cu) (net 0))
