(kicad_pcb (version 20171130) (host pcbnew 5.0.0)

  (general
    (thickness 1.6)
    (drawings 1)
    (tracks 280)
    (zones 0)
    (modules 46)
    (nets 1)
  )

  (page User 250.012 101.6)
  (layers
    (0 F.Cu signal)
    (31 B.Cu signal)
    (32 B.Adhes user)
    (33 F.Adhes user)
    (34 B.Paste user)
    (35 F.Paste user)
    (36 B.SilkS user)
    (37 F.SilkS user)
    (38 B.Mask user)
    (39 F.Mask user)
    (40 Dwgs.User user)
    (41 Cmts.User user hide)
    (42 Eco1.User user)
    (43 Eco2.User user)
    (44 Edge.Cuts user)
    (45 Margin user)
    (46 B.CrtYd user)
    (47 F.CrtYd user)
    (48 B.Fab user)
    (49 F.Fab user hide)
  )

  (setup
    (last_trace_width 0.5)
    (trace_clearance 0.2)
    (zone_clearance 0.508)
    (zone_45_only no)
    (trace_min 0.2)
    (segment_width 0.2)
    (edge_width 0.15)
    (via_size 2)
    (via_drill 0.8)
    (via_min_size 0.4)
    (via_min_drill 0.3)
    (uvia_size 0.3)
    (uvia_drill 0.1)
    (uvias_allowed no)
    (uvia_min_size 0.2)
    (uvia_min_drill 0.1)
    (pcb_text_width 0.3)
    (pcb_text_size 1.5 1.5)
    (mod_edge_width 0.15)
    (mod_text_size 1 1)
    (mod_text_width 0.15)
    (pad_size 2.4 1.6)
    (pad_drill 0.8)
    (pad_to_mask_clearance 0.2)
    (aux_axis_origin 12.7 35.56)
    (visible_elements FFFFFF7F)
    (pcbplotparams
      (layerselection 0x01200_ffffffff)
      (usegerberextensions false)
      (usegerberattributes false)
      (usegerberadvancedattributes false)
      (creategerberjobfile false)
      (excludeedgelayer true)
      (linewidth 0.100000)
      (plotframeref false)
      (viasonmask false)
      (mode 1)
      (useauxorigin true)
      (hpglpennumber 1)
      (hpglpenspeed 20)
      (hpglpendiameter 15.000000)
      (psnegative false)
      (psa4output false)
      (plotreference true)
      (plotvalue true)
      (plotinvisibletext false)
      (padsonsilk false)
      (subtractmaskfromsilk false)
      (outputformat 1)
      (mirror false)
      (drillshape 0)
      (scaleselection 1)
      (outputdirectory "./hexGerb1"))
  )

  (net 0 "")

  (net_class Default "This is the default net class."
    (clearance 0.2)
    (trace_width 0.5)
    (via_dia 2)
    (via_drill 0.8)
    (uvia_dia 0.3)
    (uvia_drill 0.1)
  )

  (module header (layer F.Cu) (tedit 5B524D3B) (tstamp 5B51E06A)
    (at 55.88 7.62 180)
    (fp_text reference REF** (at 0 0.5 180) (layer F.SilkS)
      (effects (font (size 1 1) (thickness 0.15)))
    )
    (fp_text value header (at 0 -0.5 180) (layer F.Fab)
      (effects (font (size 1 1) (thickness 0.15)))
    )
    (pad 1 thru_hole circle (at 0 0 180) (size 2 2) (drill 1) (layers *.Cu *.Mask))
    (pad 2 thru_hole circle (at 2.54 0 180) (size 2 2) (drill 1) (layers *.Cu *.Mask))
    (pad 3 thru_hole circle (at 5.08 0 180) (size 2 2) (drill 1) (layers *.Cu *.Mask))
    (pad 4 thru_hole circle (at 7.62 0 180) (size 2 2) (drill 1) (layers *.Cu *.Mask))
    (pad 5 thru_hole circle (at 10.16 0 180) (size 2 2) (drill 1) (layers *.Cu *.Mask))
    (pad 6 thru_hole circle (at 12.7 0 180) (size 2 2) (drill 1) (layers *.Cu *.Mask))
    (pad 7 thru_hole circle (at 15.24 0 180) (size 2 2) (drill 1) (layers *.Cu *.Mask))
    (pad 8 thru_hole circle (at 17.78 0 180) (size 2 2) (drill 1) (layers *.Cu *.Mask))
    (pad 9 thru_hole circle (at 20.32 0 180) (size 2 2) (drill 1) (layers *.Cu *.Mask))
  )

  (module Connectors:Stereo_Jack_3.5mm_Switch_Ledino_KB3SPRS (layer F.Cu) (tedit 5B524759) (tstamp 5B524C26)
    (at 58.42 20.32)
    (descr https://www.reichelt.de/index.html?ACTION=7&LA=3&OPEN=0&INDEX=0&FILENAME=C160%252FKB3SPRS.pdf)
    (tags "jack stereo TRS")
    (fp_text reference "" (at -3.5 2.3) (layer F.SilkS)
      (effects (font (size 1 1) (thickness 0.15)))
    )
    (fp_text value Out (at 2.3 -12.2) (layer F.Fab)
      (effects (font (size 1 1) (thickness 0.15)))
    )
    (pad R thru_hole circle (at 2.54 0 90) (size 2.5 2.5) (drill 1) (layers *.Cu *.Mask))
    (pad L thru_hole circle (at -2.54 0 90) (size 2.5 2.5) (drill 1) (layers *.Cu *.Mask))
    (pad G thru_hole circle (at 0 -5.08 180) (size 2.5 2.5) (drill 1) (layers *.Cu *.Mask))
    (model ${KISYS3DMOD}/Connectors.3dshapes/Stereo_Jack_3.5mm_Switch_Ledino_KB3SPRS.wrl
      (at (xyz 0 0 0))
      (scale (xyz 1 1 1))
      (rotate (xyz 0 0 0))
    )
  )

  (module Connectors:Stereo_Jack_3.5mm_Switch_Ledino_KB3SPRS (layer F.Cu) (tedit 5B524759) (tstamp 5B524BF8)
    (at 45.72 20.32)
    (descr https://www.reichelt.de/index.html?ACTION=7&LA=3&OPEN=0&INDEX=0&FILENAME=C160%252FKB3SPRS.pdf)
    (tags "jack stereo TRS")
    (fp_text reference "" (at -3.5 2.3) (layer F.SilkS)
      (effects (font (size 1 1) (thickness 0.15)))
    )
    (fp_text value Out (at 2.3 -12.2) (layer F.Fab)
      (effects (font (size 1 1) (thickness 0.15)))
    )
    (pad G thru_hole circle (at 0 -5.08 180) (size 2.5 2.5) (drill 1) (layers *.Cu *.Mask))
    (pad L thru_hole circle (at -2.54 0 90) (size 2.5 2.5) (drill 1) (layers *.Cu *.Mask))
    (pad R thru_hole circle (at 2.54 0 90) (size 2.5 2.5) (drill 1) (layers *.Cu *.Mask))
    (model ${KISYS3DMOD}/Connectors.3dshapes/Stereo_Jack_3.5mm_Switch_Ledino_KB3SPRS.wrl
      (at (xyz 0 0 0))
      (scale (xyz 1 1 1))
      (rotate (xyz 0 0 0))
    )
  )

  (module Connectors:Stereo_Jack_3.5mm_Switch_Ledino_KB3SPRS (layer F.Cu) (tedit 5B524759) (tstamp 5B4FA8ED)
    (at 33.02 20.32)
    (descr https://www.reichelt.de/index.html?ACTION=7&LA=3&OPEN=0&INDEX=0&FILENAME=C160%252FKB3SPRS.pdf)
    (tags "jack stereo TRS")
    (fp_text reference "" (at -3.5 2.3) (layer F.SilkS)
      (effects (font (size 1 1) (thickness 0.15)))
    )
    (fp_text value Out (at 2.3 -12.2) (layer F.Fab)
      (effects (font (size 1 1) (thickness 0.15)))
    )
    (pad R thru_hole circle (at 2.54 0 90) (size 2.5 2.5) (drill 1) (layers *.Cu *.Mask))
    (pad L thru_hole circle (at -2.54 0 90) (size 2.5 2.5) (drill 1) (layers *.Cu *.Mask))
    (pad G thru_hole circle (at 0 -5.08 180) (size 2.5 2.5) (drill 1) (layers *.Cu *.Mask))
    (model ${KISYS3DMOD}/Connectors.3dshapes/Stereo_Jack_3.5mm_Switch_Ledino_KB3SPRS.wrl
      (at (xyz 0 0 0))
      (scale (xyz 1 1 1))
      (rotate (xyz 0 0 0))
    )
  )

  (module Capacitors_SMD:C_0805_HandSoldering (layer F.Cu) (tedit 5B51EB29) (tstamp 5B5224D8)
    (at 68.327635 11.061304)
    (descr "Capacitor SMD 0805, hand soldering")
    (tags "capacitor 0805")
    (attr smd)
    (fp_text reference 1M (at 0 -1.75) (layer F.SilkS)
      (effects (font (size 1 1) (thickness 0.15)))
    )
    (fp_text value C_0805_HandSoldering (at 0 1.75) (layer F.Fab)
      (effects (font (size 1 1) (thickness 0.15)))
    )
    (fp_text user %R (at 0 -1.75) (layer F.Fab)
      (effects (font (size 1 1) (thickness 0.15)))
    )
    (fp_line (start -1 0.62) (end -1 -0.62) (layer F.Fab) (width 0.1))
    (fp_line (start 1 0.62) (end -1 0.62) (layer F.Fab) (width 0.1))
    (fp_line (start 1 -0.62) (end 1 0.62) (layer F.Fab) (width 0.1))
    (fp_line (start -1 -0.62) (end 1 -0.62) (layer F.Fab) (width 0.1))
    (fp_line (start 0.5 -0.85) (end -0.5 -0.85) (layer F.SilkS) (width 0.12))
    (fp_line (start -0.5 0.85) (end 0.5 0.85) (layer F.SilkS) (width 0.12))
    (fp_line (start -2.25 -0.88) (end 2.25 -0.88) (layer F.CrtYd) (width 0.05))
    (fp_line (start -2.25 -0.88) (end -2.25 0.87) (layer F.CrtYd) (width 0.05))
    (fp_line (start 2.25 0.87) (end 2.25 -0.88) (layer F.CrtYd) (width 0.05))
    (fp_line (start 2.25 0.87) (end -2.25 0.87) (layer F.CrtYd) (width 0.05))
    (pad 1 smd rect (at -1.25 0) (size 1.5 1.25) (layers F.Cu F.Paste F.Mask))
    (pad 2 smd rect (at 1.25 0) (size 1.5 1.25) (layers F.Cu F.Paste F.Mask))
    (model Capacitors_SMD.3dshapes/C_0805.wrl
      (at (xyz 0 0 0))
      (scale (xyz 1 1 1))
      (rotate (xyz 0 0 0))
    )
  )

  (module Capacitors_SMD:C_0805_HandSoldering (layer F.Cu) (tedit 5B51E4C5) (tstamp 5B5224BA)
    (at 65.787526 32.431386 180)
    (descr "Capacitor SMD 0805, hand soldering")
    (tags "capacitor 0805")
    (attr smd)
    (fp_text reference 0.1uf (at 0 -1.75 180) (layer F.SilkS)
      (effects (font (size 1 1) (thickness 0.15)))
    )
    (fp_text value C_0805_HandSoldering (at 0 1.75 180) (layer F.Fab)
      (effects (font (size 1 1) (thickness 0.15)))
    )
    (fp_line (start 2.25 0.87) (end -2.25 0.87) (layer F.CrtYd) (width 0.05))
    (fp_line (start 2.25 0.87) (end 2.25 -0.88) (layer F.CrtYd) (width 0.05))
    (fp_line (start -2.25 -0.88) (end -2.25 0.87) (layer F.CrtYd) (width 0.05))
    (fp_line (start -2.25 -0.88) (end 2.25 -0.88) (layer F.CrtYd) (width 0.05))
    (fp_line (start -0.5 0.85) (end 0.5 0.85) (layer F.SilkS) (width 0.12))
    (fp_line (start 0.5 -0.85) (end -0.5 -0.85) (layer F.SilkS) (width 0.12))
    (fp_line (start -1 -0.62) (end 1 -0.62) (layer F.Fab) (width 0.1))
    (fp_line (start 1 -0.62) (end 1 0.62) (layer F.Fab) (width 0.1))
    (fp_line (start 1 0.62) (end -1 0.62) (layer F.Fab) (width 0.1))
    (fp_line (start -1 0.62) (end -1 -0.62) (layer F.Fab) (width 0.1))
    (fp_text user %R (at 0 -1.75 180) (layer F.Fab)
      (effects (font (size 1 1) (thickness 0.15)))
    )
    (pad 2 smd rect (at 1.25 0 180) (size 1.5 1.25) (layers F.Cu F.Paste F.Mask))
    (pad 1 smd rect (at -1.25 0 180) (size 1.5 1.25) (layers F.Cu F.Paste F.Mask))
    (model Capacitors_SMD.3dshapes/C_0805.wrl
      (at (xyz 0 0 0))
      (scale (xyz 1 1 1))
      (rotate (xyz 0 0 0))
    )
  )

  (module Housings_DIP:DIP-8_W7.62mm_Socket_LongPads (layer F.Cu) (tedit 5B51E623) (tstamp 5B522491)
    (at 74.677635 15.506304 270)
    (descr "8-lead though-hole mounted DIP package, row spacing 7.62 mm (300 mils), Socket, LongPads")
    (tags "THT DIP DIL PDIP 2.54mm 7.62mm 300mil Socket LongPads")
    (fp_text reference TL082 (at 3.81 -2.33 270) (layer F.SilkS)
      (effects (font (size 1 1) (thickness 0.15)))
    )
    (fp_text value DIP-8_W7.62mm_Socket_LongPads (at 1.27 11.43 270) (layer F.Fab)
      (effects (font (size 1 1) (thickness 0.15)))
    )
    (fp_arc (start 3.81 -1.33) (end 2.81 -1.33) (angle -180) (layer F.SilkS) (width 0.12))
    (fp_line (start 1.635 -1.27) (end 6.985 -1.27) (layer F.Fab) (width 0.1))
    (fp_line (start 6.985 8.89) (end 0.635 8.89) (layer F.Fab) (width 0.1))
    (fp_line (start -1.27 -1.33) (end -1.27 8.95) (layer F.Fab) (width 0.1))
    (fp_line (start -1.27 8.95) (end 8.89 8.95) (layer F.Fab) (width 0.1))
    (fp_line (start 8.89 8.95) (end 8.89 -1.33) (layer F.Fab) (width 0.1))
    (fp_line (start 8.89 -1.33) (end -1.27 -1.33) (layer F.Fab) (width 0.1))
    (fp_line (start 2.81 -1.33) (end 1.56 -1.33) (layer F.SilkS) (width 0.12))
    (fp_line (start 1.56 8.95) (end 6.06 8.95) (layer F.SilkS) (width 0.12))
    (fp_line (start 6.06 -1.33) (end 4.81 -1.33) (layer F.SilkS) (width 0.12))
    (fp_line (start -1.44 -1.39) (end -1.44 9.01) (layer F.SilkS) (width 0.12))
    (fp_line (start -1.44 9.01) (end 9.06 9.01) (layer F.SilkS) (width 0.12))
    (fp_line (start 9.06 9.01) (end 9.06 -1.39) (layer F.SilkS) (width 0.12))
    (fp_line (start 9.06 -1.39) (end -1.44 -1.39) (layer F.SilkS) (width 0.12))
    (fp_line (start -1.55 -1.6) (end -1.55 9.2) (layer F.CrtYd) (width 0.05))
    (fp_line (start -1.55 9.2) (end 9.15 9.2) (layer F.CrtYd) (width 0.05))
    (fp_line (start 9.15 9.2) (end 9.15 -1.6) (layer F.CrtYd) (width 0.05))
    (fp_line (start 9.15 -1.6) (end -1.55 -1.6) (layer F.CrtYd) (width 0.05))
    (fp_text user "" (at 3.81 5.08 270) (layer F.Fab)
      (effects (font (size 0.8 0.8) (thickness 0.15)))
    )
    (fp_text user OutA (at 1.27 0 270) (layer F.SilkS)
      (effects (font (size 0.75 0.75) (thickness 0.125)))
    )
    (fp_text user -InA (at 1.27 2.54 270) (layer F.SilkS)
      (effects (font (size 0.75 0.75) (thickness 0.125)))
    )
    (fp_text user +InB (at 1.27 5.08 270) (layer F.SilkS)
      (effects (font (size 0.75 0.75) (thickness 0.15)))
    )
    (fp_text user +InB (at 6.35 7.62 270) (layer F.SilkS)
      (effects (font (size 0.75 0.75) (thickness 0.15)))
    )
    (fp_text user V- (at 1.27 7.62 270) (layer F.SilkS)
      (effects (font (size 0.75 0.75) (thickness 0.15)))
    )
    (fp_text user V+ (at 6.35 0 270) (layer F.SilkS)
      (effects (font (size 1 0.75) (thickness 0.15)))
    )
    (fp_text user outB (at 6.35 2.54 270) (layer F.SilkS)
      (effects (font (size 0.75 0.75) (thickness 0.15)))
    )
    (fp_text user -InB (at 6.35 5.08 270) (layer F.SilkS)
      (effects (font (size 0.75 0.75) (thickness 0.15)))
    )
    (pad 1 smd rect (at -1.27 0 270) (size 2.4 1.6) (layers F.Cu F.Paste F.Mask))
    (pad 5 smd rect (at 8.89 7.62 270) (size 2.4 1.6) (layers F.Cu F.Paste F.Mask))
    (pad 2 smd rect (at -1.27 2.54 270) (size 2.4 1.6) (layers F.Cu F.Paste F.Mask))
    (pad 6 smd rect (at 8.89 5.08 270) (size 2.4 1.6) (layers F.Cu F.Paste F.Mask))
    (pad 3 smd trapezoid (at -1.27 5.08 270) (size 2.4 1.6) (layers F.Cu F.Paste F.Mask))
    (pad 7 smd rect (at 8.89 2.54 270) (size 2.4 1.6) (layers F.Cu F.Paste F.Mask))
    (pad 4 smd rect (at -1.27 7.62 270) (size 2.4 1.6) (layers F.Cu F.Paste F.Mask))
    (pad 8 smd rect (at 8.89 0 270) (size 2.4 1.6) (layers F.Cu F.Paste F.Mask))
    (model ${KISYS3DMOD}/Housings_DIP.3dshapes/DIP-8_W7.62mm_Socket.wrl
      (at (xyz 0 0 0))
      (scale (xyz 1 1 1))
      (rotate (xyz 0 0 0))
    )
  )

  (module Capacitors_SMD:C_0805_HandSoldering (layer F.Cu) (tedit 5B51EB29) (tstamp 5B52247D)
    (at 68.327635 8.521304)
    (descr "Capacitor SMD 0805, hand soldering")
    (tags "capacitor 0805")
    (attr smd)
    (fp_text reference 1M (at 0 -1.75) (layer F.SilkS)
      (effects (font (size 1 1) (thickness 0.15)))
    )
    (fp_text value C_0805_HandSoldering (at 0 1.75) (layer F.Fab)
      (effects (font (size 1 1) (thickness 0.15)))
    )
    (fp_line (start 2.25 0.87) (end -2.25 0.87) (layer F.CrtYd) (width 0.05))
    (fp_line (start 2.25 0.87) (end 2.25 -0.88) (layer F.CrtYd) (width 0.05))
    (fp_line (start -2.25 -0.88) (end -2.25 0.87) (layer F.CrtYd) (width 0.05))
    (fp_line (start -2.25 -0.88) (end 2.25 -0.88) (layer F.CrtYd) (width 0.05))
    (fp_line (start -0.5 0.85) (end 0.5 0.85) (layer F.SilkS) (width 0.12))
    (fp_line (start 0.5 -0.85) (end -0.5 -0.85) (layer F.SilkS) (width 0.12))
    (fp_line (start -1 -0.62) (end 1 -0.62) (layer F.Fab) (width 0.1))
    (fp_line (start 1 -0.62) (end 1 0.62) (layer F.Fab) (width 0.1))
    (fp_line (start 1 0.62) (end -1 0.62) (layer F.Fab) (width 0.1))
    (fp_line (start -1 0.62) (end -1 -0.62) (layer F.Fab) (width 0.1))
    (fp_text user %R (at 0 -1.75) (layer F.Fab)
      (effects (font (size 1 1) (thickness 0.15)))
    )
    (pad 2 smd rect (at 1.25 0) (size 1.5 1.25) (layers F.Cu F.Paste F.Mask))
    (pad 1 smd rect (at -1.25 0) (size 1.5 1.25) (layers F.Cu F.Paste F.Mask))
    (model Capacitors_SMD.3dshapes/C_0805.wrl
      (at (xyz 0 0 0))
      (scale (xyz 1 1 1))
      (rotate (xyz 0 0 0))
    )
  )

  (module Capacitors_SMD:C_0805_HandSoldering (layer F.Cu) (tedit 5B51E9A2) (tstamp 5B522469)
    (at 73.407635 8.521304)
    (descr "Capacitor SMD 0805, hand soldering")
    (tags "capacitor 0805")
    (attr smd)
    (fp_text reference 100k (at -0.02 -1.75) (layer F.SilkS)
      (effects (font (size 1 1) (thickness 0.15)))
    )
    (fp_text value C_0805_HandSoldering (at 0 1.75) (layer F.Fab)
      (effects (font (size 1 1) (thickness 0.15)))
    )
    (fp_line (start 2.25 0.87) (end -2.25 0.87) (layer F.CrtYd) (width 0.05))
    (fp_line (start 2.25 0.87) (end 2.25 -0.88) (layer F.CrtYd) (width 0.05))
    (fp_line (start -2.25 -0.88) (end -2.25 0.87) (layer F.CrtYd) (width 0.05))
    (fp_line (start -2.25 -0.88) (end 2.25 -0.88) (layer F.CrtYd) (width 0.05))
    (fp_line (start -0.5 0.85) (end 0.5 0.85) (layer F.SilkS) (width 0.12))
    (fp_line (start 0.5 -0.85) (end -0.5 -0.85) (layer F.SilkS) (width 0.12))
    (fp_line (start -1 -0.62) (end 1 -0.62) (layer F.Fab) (width 0.1))
    (fp_line (start 1 -0.62) (end 1 0.62) (layer F.Fab) (width 0.1))
    (fp_line (start 1 0.62) (end -1 0.62) (layer F.Fab) (width 0.1))
    (fp_line (start -1 0.62) (end -1 -0.62) (layer F.Fab) (width 0.1))
    (fp_text user %R (at 0 -1.75) (layer F.Fab)
      (effects (font (size 1 1) (thickness 0.15)))
    )
    (pad 2 smd rect (at 1.25 0) (size 1.5 1.25) (layers F.Cu F.Paste F.Mask))
    (pad 1 smd rect (at -1.25 0) (size 1.5 1.25) (layers F.Cu F.Paste F.Mask))
    (model Capacitors_SMD.3dshapes/C_0805.wrl
      (at (xyz 0 0 0))
      (scale (xyz 1 1 1))
      (rotate (xyz 0 0 0))
    )
  )

  (module Capacitors_SMD:C_0805_HandSoldering (layer F.Cu) (tedit 5B51E8EB) (tstamp 5B522459)
    (at 73.407635 11.061304)
    (descr "Capacitor SMD 0805, hand soldering")
    (tags "capacitor 0805")
    (attr smd)
    (fp_text reference 220k (at 0 -1.75) (layer F.SilkS)
      (effects (font (size 1 1) (thickness 0.15)))
    )
    (fp_text value C_0805_HandSoldering (at 0 1.75) (layer F.Fab)
      (effects (font (size 1 1) (thickness 0.15)))
    )
    (fp_text user %R (at 0 -1.75) (layer F.Fab)
      (effects (font (size 1 1) (thickness 0.15)))
    )
    (fp_line (start -1 0.62) (end -1 -0.62) (layer F.Fab) (width 0.1))
    (fp_line (start 1 0.62) (end -1 0.62) (layer F.Fab) (width 0.1))
    (fp_line (start 1 -0.62) (end 1 0.62) (layer F.Fab) (width 0.1))
    (fp_line (start -1 -0.62) (end 1 -0.62) (layer F.Fab) (width 0.1))
    (fp_line (start 0.5 -0.85) (end -0.5 -0.85) (layer F.SilkS) (width 0.12))
    (fp_line (start -0.5 0.85) (end 0.5 0.85) (layer F.SilkS) (width 0.12))
    (fp_line (start -2.25 -0.88) (end 2.25 -0.88) (layer F.CrtYd) (width 0.05))
    (fp_line (start -2.25 -0.88) (end -2.25 0.87) (layer F.CrtYd) (width 0.05))
    (fp_line (start 2.25 0.87) (end 2.25 -0.88) (layer F.CrtYd) (width 0.05))
    (fp_line (start 2.25 0.87) (end -2.25 0.87) (layer F.CrtYd) (width 0.05))
    (pad 1 smd rect (at -1.25 0) (size 1.5 1.25) (layers F.Cu F.Paste F.Mask))
    (pad 2 smd rect (at 1.25 0) (size 1.5 1.25) (layers F.Cu F.Paste F.Mask))
    (model Capacitors_SMD.3dshapes/C_0805.wrl
      (at (xyz 0 0 0))
      (scale (xyz 1 1 1))
      (rotate (xyz 0 0 0))
    )
  )

  (module Capacitors_SMD:C_0805_HandSoldering (layer F.Cu) (tedit 5B51E4C5) (tstamp 5B522448)
    (at 68.327635 5.981304)
    (descr "Capacitor SMD 0805, hand soldering")
    (tags "capacitor 0805")
    (attr smd)
    (fp_text reference 0.1uf (at 0 -1.75) (layer F.SilkS)
      (effects (font (size 1 1) (thickness 0.15)))
    )
    (fp_text value C_0805_HandSoldering (at 0 1.75) (layer F.Fab)
      (effects (font (size 1 1) (thickness 0.15)))
    )
    (fp_text user %R (at 0 -1.75) (layer F.Fab)
      (effects (font (size 1 1) (thickness 0.15)))
    )
    (fp_line (start -1 0.62) (end -1 -0.62) (layer F.Fab) (width 0.1))
    (fp_line (start 1 0.62) (end -1 0.62) (layer F.Fab) (width 0.1))
    (fp_line (start 1 -0.62) (end 1 0.62) (layer F.Fab) (width 0.1))
    (fp_line (start -1 -0.62) (end 1 -0.62) (layer F.Fab) (width 0.1))
    (fp_line (start 0.5 -0.85) (end -0.5 -0.85) (layer F.SilkS) (width 0.12))
    (fp_line (start -0.5 0.85) (end 0.5 0.85) (layer F.SilkS) (width 0.12))
    (fp_line (start -2.25 -0.88) (end 2.25 -0.88) (layer F.CrtYd) (width 0.05))
    (fp_line (start -2.25 -0.88) (end -2.25 0.87) (layer F.CrtYd) (width 0.05))
    (fp_line (start 2.25 0.87) (end 2.25 -0.88) (layer F.CrtYd) (width 0.05))
    (fp_line (start 2.25 0.87) (end -2.25 0.87) (layer F.CrtYd) (width 0.05))
    (pad 1 smd rect (at -1.25 0) (size 1.5 1.25) (layers F.Cu F.Paste F.Mask))
    (pad 2 smd rect (at 1.25 0) (size 1.5 1.25) (layers F.Cu F.Paste F.Mask))
    (model Capacitors_SMD.3dshapes/C_0805.wrl
      (at (xyz 0 0 0))
      (scale (xyz 1 1 1))
      (rotate (xyz 0 0 0))
    )
  )

  (module Capacitors_SMD:C_0805_HandSoldering (layer F.Cu) (tedit 5B51E8EB) (tstamp 5B522434)
    (at 70.867526 27.351386 180)
    (descr "Capacitor SMD 0805, hand soldering")
    (tags "capacitor 0805")
    (attr smd)
    (fp_text reference 220k (at 0 -1.75 180) (layer F.SilkS)
      (effects (font (size 1 1) (thickness 0.15)))
    )
    (fp_text value C_0805_HandSoldering (at 0 1.75 180) (layer F.Fab)
      (effects (font (size 1 1) (thickness 0.15)))
    )
    (fp_line (start 2.25 0.87) (end -2.25 0.87) (layer F.CrtYd) (width 0.05))
    (fp_line (start 2.25 0.87) (end 2.25 -0.88) (layer F.CrtYd) (width 0.05))
    (fp_line (start -2.25 -0.88) (end -2.25 0.87) (layer F.CrtYd) (width 0.05))
    (fp_line (start -2.25 -0.88) (end 2.25 -0.88) (layer F.CrtYd) (width 0.05))
    (fp_line (start -0.5 0.85) (end 0.5 0.85) (layer F.SilkS) (width 0.12))
    (fp_line (start 0.5 -0.85) (end -0.5 -0.85) (layer F.SilkS) (width 0.12))
    (fp_line (start -1 -0.62) (end 1 -0.62) (layer F.Fab) (width 0.1))
    (fp_line (start 1 -0.62) (end 1 0.62) (layer F.Fab) (width 0.1))
    (fp_line (start 1 0.62) (end -1 0.62) (layer F.Fab) (width 0.1))
    (fp_line (start -1 0.62) (end -1 -0.62) (layer F.Fab) (width 0.1))
    (fp_text user %R (at 0 -1.75 180) (layer F.Fab)
      (effects (font (size 1 1) (thickness 0.15)))
    )
    (pad 2 smd rect (at 1.25 0 180) (size 1.5 1.25) (layers F.Cu F.Paste F.Mask))
    (pad 1 smd rect (at -1.25 0 180) (size 1.5 1.25) (layers F.Cu F.Paste F.Mask))
    (model Capacitors_SMD.3dshapes/C_0805.wrl
      (at (xyz 0 0 0))
      (scale (xyz 1 1 1))
      (rotate (xyz 0 0 0))
    )
  )

  (module Capacitors_SMD:C_0805_HandSoldering (layer F.Cu) (tedit 5B51EC48) (tstamp 5B522414)
    (at 70.867526 32.431386 180)
    (descr "Capacitor SMD 0805, hand soldering")
    (tags "capacitor 0805")
    (attr smd)
    (fp_text reference 10uf (at 0 -1.75 180) (layer F.SilkS)
      (effects (font (size 1 1) (thickness 0.15)))
    )
    (fp_text value C_0805_HandSoldering (at 0 1.75 180) (layer F.Fab)
      (effects (font (size 1 1) (thickness 0.15)))
    )
    (fp_text user %R (at 0 -1.75 180) (layer F.Fab)
      (effects (font (size 1 1) (thickness 0.15)))
    )
    (fp_line (start -1 0.62) (end -1 -0.62) (layer F.Fab) (width 0.1))
    (fp_line (start 1 0.62) (end -1 0.62) (layer F.Fab) (width 0.1))
    (fp_line (start 1 -0.62) (end 1 0.62) (layer F.Fab) (width 0.1))
    (fp_line (start -1 -0.62) (end 1 -0.62) (layer F.Fab) (width 0.1))
    (fp_line (start 0.5 -0.85) (end -0.5 -0.85) (layer F.SilkS) (width 0.12))
    (fp_line (start -0.5 0.85) (end 0.5 0.85) (layer F.SilkS) (width 0.12))
    (fp_line (start -2.25 -0.88) (end 2.25 -0.88) (layer F.CrtYd) (width 0.05))
    (fp_line (start -2.25 -0.88) (end -2.25 0.87) (layer F.CrtYd) (width 0.05))
    (fp_line (start 2.25 0.87) (end 2.25 -0.88) (layer F.CrtYd) (width 0.05))
    (fp_line (start 2.25 0.87) (end -2.25 0.87) (layer F.CrtYd) (width 0.05))
    (pad 1 smd rect (at -1.25 0 180) (size 1.5 1.25) (layers F.Cu F.Paste F.Mask))
    (pad 2 smd rect (at 1.25 0 180) (size 1.5 1.25) (layers F.Cu F.Paste F.Mask))
    (model Capacitors_SMD.3dshapes/C_0805.wrl
      (at (xyz 0 0 0))
      (scale (xyz 1 1 1))
      (rotate (xyz 0 0 0))
    )
  )

  (module Capacitors_SMD:C_0805_HandSoldering (layer F.Cu) (tedit 5B51EC48) (tstamp 5B522403)
    (at 73.407635 5.981304)
    (descr "Capacitor SMD 0805, hand soldering")
    (tags "capacitor 0805")
    (attr smd)
    (fp_text reference 10uf (at 0 -1.75) (layer F.SilkS)
      (effects (font (size 1 1) (thickness 0.15)))
    )
    (fp_text value C_0805_HandSoldering (at 0 1.75) (layer F.Fab)
      (effects (font (size 1 1) (thickness 0.15)))
    )
    (fp_line (start 2.25 0.87) (end -2.25 0.87) (layer F.CrtYd) (width 0.05))
    (fp_line (start 2.25 0.87) (end 2.25 -0.88) (layer F.CrtYd) (width 0.05))
    (fp_line (start -2.25 -0.88) (end -2.25 0.87) (layer F.CrtYd) (width 0.05))
    (fp_line (start -2.25 -0.88) (end 2.25 -0.88) (layer F.CrtYd) (width 0.05))
    (fp_line (start -0.5 0.85) (end 0.5 0.85) (layer F.SilkS) (width 0.12))
    (fp_line (start 0.5 -0.85) (end -0.5 -0.85) (layer F.SilkS) (width 0.12))
    (fp_line (start -1 -0.62) (end 1 -0.62) (layer F.Fab) (width 0.1))
    (fp_line (start 1 -0.62) (end 1 0.62) (layer F.Fab) (width 0.1))
    (fp_line (start 1 0.62) (end -1 0.62) (layer F.Fab) (width 0.1))
    (fp_line (start -1 0.62) (end -1 -0.62) (layer F.Fab) (width 0.1))
    (fp_text user %R (at 0 -1.75) (layer F.Fab)
      (effects (font (size 1 1) (thickness 0.15)))
    )
    (pad 2 smd rect (at 1.25 0) (size 1.5 1.25) (layers F.Cu F.Paste F.Mask))
    (pad 1 smd rect (at -1.25 0) (size 1.5 1.25) (layers F.Cu F.Paste F.Mask))
    (model Capacitors_SMD.3dshapes/C_0805.wrl
      (at (xyz 0 0 0))
      (scale (xyz 1 1 1))
      (rotate (xyz 0 0 0))
    )
  )

  (module Capacitors_SMD:C_0805_HandSoldering (layer F.Cu) (tedit 5B51EB29) (tstamp 5B5223F3)
    (at 65.787526 27.351386 180)
    (descr "Capacitor SMD 0805, hand soldering")
    (tags "capacitor 0805")
    (attr smd)
    (fp_text reference 1M (at 0 -1.75 180) (layer F.SilkS)
      (effects (font (size 1 1) (thickness 0.15)))
    )
    (fp_text value C_0805_HandSoldering (at 0 1.75 180) (layer F.Fab)
      (effects (font (size 1 1) (thickness 0.15)))
    )
    (fp_line (start 2.25 0.87) (end -2.25 0.87) (layer F.CrtYd) (width 0.05))
    (fp_line (start 2.25 0.87) (end 2.25 -0.88) (layer F.CrtYd) (width 0.05))
    (fp_line (start -2.25 -0.88) (end -2.25 0.87) (layer F.CrtYd) (width 0.05))
    (fp_line (start -2.25 -0.88) (end 2.25 -0.88) (layer F.CrtYd) (width 0.05))
    (fp_line (start -0.5 0.85) (end 0.5 0.85) (layer F.SilkS) (width 0.12))
    (fp_line (start 0.5 -0.85) (end -0.5 -0.85) (layer F.SilkS) (width 0.12))
    (fp_line (start -1 -0.62) (end 1 -0.62) (layer F.Fab) (width 0.1))
    (fp_line (start 1 -0.62) (end 1 0.62) (layer F.Fab) (width 0.1))
    (fp_line (start 1 0.62) (end -1 0.62) (layer F.Fab) (width 0.1))
    (fp_line (start -1 0.62) (end -1 -0.62) (layer F.Fab) (width 0.1))
    (fp_text user %R (at 0 -1.75 180) (layer F.Fab)
      (effects (font (size 1 1) (thickness 0.15)))
    )
    (pad 2 smd rect (at 1.25 0 180) (size 1.5 1.25) (layers F.Cu F.Paste F.Mask))
    (pad 1 smd rect (at -1.25 0 180) (size 1.5 1.25) (layers F.Cu F.Paste F.Mask))
    (model Capacitors_SMD.3dshapes/C_0805.wrl
      (at (xyz 0 0 0))
      (scale (xyz 1 1 1))
      (rotate (xyz 0 0 0))
    )
  )

  (module Capacitors_SMD:C_0805_HandSoldering (layer F.Cu) (tedit 5B51E9A2) (tstamp 5B5223E3)
    (at 70.867526 29.891386 180)
    (descr "Capacitor SMD 0805, hand soldering")
    (tags "capacitor 0805")
    (attr smd)
    (fp_text reference 100k (at -0.02 -1.75 180) (layer F.SilkS)
      (effects (font (size 1 1) (thickness 0.15)))
    )
    (fp_text value C_0805_HandSoldering (at 0 1.75 180) (layer F.Fab)
      (effects (font (size 1 1) (thickness 0.15)))
    )
    (fp_text user %R (at 0 -1.75 180) (layer F.Fab)
      (effects (font (size 1 1) (thickness 0.15)))
    )
    (fp_line (start -1 0.62) (end -1 -0.62) (layer F.Fab) (width 0.1))
    (fp_line (start 1 0.62) (end -1 0.62) (layer F.Fab) (width 0.1))
    (fp_line (start 1 -0.62) (end 1 0.62) (layer F.Fab) (width 0.1))
    (fp_line (start -1 -0.62) (end 1 -0.62) (layer F.Fab) (width 0.1))
    (fp_line (start 0.5 -0.85) (end -0.5 -0.85) (layer F.SilkS) (width 0.12))
    (fp_line (start -0.5 0.85) (end 0.5 0.85) (layer F.SilkS) (width 0.12))
    (fp_line (start -2.25 -0.88) (end 2.25 -0.88) (layer F.CrtYd) (width 0.05))
    (fp_line (start -2.25 -0.88) (end -2.25 0.87) (layer F.CrtYd) (width 0.05))
    (fp_line (start 2.25 0.87) (end 2.25 -0.88) (layer F.CrtYd) (width 0.05))
    (fp_line (start 2.25 0.87) (end -2.25 0.87) (layer F.CrtYd) (width 0.05))
    (pad 1 smd rect (at -1.25 0 180) (size 1.5 1.25) (layers F.Cu F.Paste F.Mask))
    (pad 2 smd rect (at 1.25 0 180) (size 1.5 1.25) (layers F.Cu F.Paste F.Mask))
    (model Capacitors_SMD.3dshapes/C_0805.wrl
      (at (xyz 0 0 0))
      (scale (xyz 1 1 1))
      (rotate (xyz 0 0 0))
    )
  )

  (module Capacitors_SMD:C_0805_HandSoldering (layer F.Cu) (tedit 5B51EB29) (tstamp 5B5223D2)
    (at 65.787526 29.891386 180)
    (descr "Capacitor SMD 0805, hand soldering")
    (tags "capacitor 0805")
    (attr smd)
    (fp_text reference 1M (at 0 -1.75 180) (layer F.SilkS)
      (effects (font (size 1 1) (thickness 0.15)))
    )
    (fp_text value C_0805_HandSoldering (at 0 1.75 180) (layer F.Fab)
      (effects (font (size 1 1) (thickness 0.15)))
    )
    (fp_text user %R (at 0 -1.75 180) (layer F.Fab)
      (effects (font (size 1 1) (thickness 0.15)))
    )
    (fp_line (start -1 0.62) (end -1 -0.62) (layer F.Fab) (width 0.1))
    (fp_line (start 1 0.62) (end -1 0.62) (layer F.Fab) (width 0.1))
    (fp_line (start 1 -0.62) (end 1 0.62) (layer F.Fab) (width 0.1))
    (fp_line (start -1 -0.62) (end 1 -0.62) (layer F.Fab) (width 0.1))
    (fp_line (start 0.5 -0.85) (end -0.5 -0.85) (layer F.SilkS) (width 0.12))
    (fp_line (start -0.5 0.85) (end 0.5 0.85) (layer F.SilkS) (width 0.12))
    (fp_line (start -2.25 -0.88) (end 2.25 -0.88) (layer F.CrtYd) (width 0.05))
    (fp_line (start -2.25 -0.88) (end -2.25 0.87) (layer F.CrtYd) (width 0.05))
    (fp_line (start 2.25 0.87) (end 2.25 -0.88) (layer F.CrtYd) (width 0.05))
    (fp_line (start 2.25 0.87) (end -2.25 0.87) (layer F.CrtYd) (width 0.05))
    (pad 1 smd rect (at -1.25 0 180) (size 1.5 1.25) (layers F.Cu F.Paste F.Mask))
    (pad 2 smd rect (at 1.25 0 180) (size 1.5 1.25) (layers F.Cu F.Paste F.Mask))
    (model Capacitors_SMD.3dshapes/C_0805.wrl
      (at (xyz 0 0 0))
      (scale (xyz 1 1 1))
      (rotate (xyz 0 0 0))
    )
  )

  (module Capacitors_SMD:C_0805_HandSoldering (layer F.Cu) (tedit 5B51EB29) (tstamp 5B52222E)
    (at 54.978696 26.417635 270)
    (descr "Capacitor SMD 0805, hand soldering")
    (tags "capacitor 0805")
    (attr smd)
    (fp_text reference 1M (at 0 -1.75 270) (layer F.SilkS)
      (effects (font (size 1 1) (thickness 0.15)))
    )
    (fp_text value C_0805_HandSoldering (at 0 1.75 270) (layer F.Fab)
      (effects (font (size 1 1) (thickness 0.15)))
    )
    (fp_text user %R (at 0 -1.75 270) (layer F.Fab)
      (effects (font (size 1 1) (thickness 0.15)))
    )
    (fp_line (start -1 0.62) (end -1 -0.62) (layer F.Fab) (width 0.1))
    (fp_line (start 1 0.62) (end -1 0.62) (layer F.Fab) (width 0.1))
    (fp_line (start 1 -0.62) (end 1 0.62) (layer F.Fab) (width 0.1))
    (fp_line (start -1 -0.62) (end 1 -0.62) (layer F.Fab) (width 0.1))
    (fp_line (start 0.5 -0.85) (end -0.5 -0.85) (layer F.SilkS) (width 0.12))
    (fp_line (start -0.5 0.85) (end 0.5 0.85) (layer F.SilkS) (width 0.12))
    (fp_line (start -2.25 -0.88) (end 2.25 -0.88) (layer F.CrtYd) (width 0.05))
    (fp_line (start -2.25 -0.88) (end -2.25 0.87) (layer F.CrtYd) (width 0.05))
    (fp_line (start 2.25 0.87) (end 2.25 -0.88) (layer F.CrtYd) (width 0.05))
    (fp_line (start 2.25 0.87) (end -2.25 0.87) (layer F.CrtYd) (width 0.05))
    (pad 1 smd rect (at -1.25 0 270) (size 1.5 1.25) (layers F.Cu F.Paste F.Mask))
    (pad 2 smd rect (at 1.25 0 270) (size 1.5 1.25) (layers F.Cu F.Paste F.Mask))
    (model Capacitors_SMD.3dshapes/C_0805.wrl
      (at (xyz 0 0 0))
      (scale (xyz 1 1 1))
      (rotate (xyz 0 0 0))
    )
  )

  (module Capacitors_SMD:C_0805_HandSoldering (layer F.Cu) (tedit 5B51E8EB) (tstamp 5B52221C)
    (at 52.438696 31.497635 270)
    (descr "Capacitor SMD 0805, hand soldering")
    (tags "capacitor 0805")
    (attr smd)
    (fp_text reference 220k (at 0 -1.75 270) (layer F.SilkS)
      (effects (font (size 1 1) (thickness 0.15)))
    )
    (fp_text value C_0805_HandSoldering (at 0 1.75 270) (layer F.Fab)
      (effects (font (size 1 1) (thickness 0.15)))
    )
    (fp_line (start 2.25 0.87) (end -2.25 0.87) (layer F.CrtYd) (width 0.05))
    (fp_line (start 2.25 0.87) (end 2.25 -0.88) (layer F.CrtYd) (width 0.05))
    (fp_line (start -2.25 -0.88) (end -2.25 0.87) (layer F.CrtYd) (width 0.05))
    (fp_line (start -2.25 -0.88) (end 2.25 -0.88) (layer F.CrtYd) (width 0.05))
    (fp_line (start -0.5 0.85) (end 0.5 0.85) (layer F.SilkS) (width 0.12))
    (fp_line (start 0.5 -0.85) (end -0.5 -0.85) (layer F.SilkS) (width 0.12))
    (fp_line (start -1 -0.62) (end 1 -0.62) (layer F.Fab) (width 0.1))
    (fp_line (start 1 -0.62) (end 1 0.62) (layer F.Fab) (width 0.1))
    (fp_line (start 1 0.62) (end -1 0.62) (layer F.Fab) (width 0.1))
    (fp_line (start -1 0.62) (end -1 -0.62) (layer F.Fab) (width 0.1))
    (fp_text user %R (at 0 -1.75 270) (layer F.Fab)
      (effects (font (size 1 1) (thickness 0.15)))
    )
    (pad 2 smd rect (at 1.25 0 270) (size 1.5 1.25) (layers F.Cu F.Paste F.Mask))
    (pad 1 smd rect (at -1.25 0 270) (size 1.5 1.25) (layers F.Cu F.Paste F.Mask))
    (model Capacitors_SMD.3dshapes/C_0805.wrl
      (at (xyz 0 0 0))
      (scale (xyz 1 1 1))
      (rotate (xyz 0 0 0))
    )
  )

  (module Capacitors_SMD:C_0805_HandSoldering (layer F.Cu) (tedit 5B51EC48) (tstamp 5B52220C)
    (at 31.068614 29.592526 90)
    (descr "Capacitor SMD 0805, hand soldering")
    (tags "capacitor 0805")
    (attr smd)
    (fp_text reference 10uf (at 0 -1.75 90) (layer F.SilkS)
      (effects (font (size 1 1) (thickness 0.15)))
    )
    (fp_text value C_0805_HandSoldering (at 0 1.75 90) (layer F.Fab)
      (effects (font (size 1 1) (thickness 0.15)))
    )
    (fp_line (start 2.25 0.87) (end -2.25 0.87) (layer F.CrtYd) (width 0.05))
    (fp_line (start 2.25 0.87) (end 2.25 -0.88) (layer F.CrtYd) (width 0.05))
    (fp_line (start -2.25 -0.88) (end -2.25 0.87) (layer F.CrtYd) (width 0.05))
    (fp_line (start -2.25 -0.88) (end 2.25 -0.88) (layer F.CrtYd) (width 0.05))
    (fp_line (start -0.5 0.85) (end 0.5 0.85) (layer F.SilkS) (width 0.12))
    (fp_line (start 0.5 -0.85) (end -0.5 -0.85) (layer F.SilkS) (width 0.12))
    (fp_line (start -1 -0.62) (end 1 -0.62) (layer F.Fab) (width 0.1))
    (fp_line (start 1 -0.62) (end 1 0.62) (layer F.Fab) (width 0.1))
    (fp_line (start 1 0.62) (end -1 0.62) (layer F.Fab) (width 0.1))
    (fp_line (start -1 0.62) (end -1 -0.62) (layer F.Fab) (width 0.1))
    (fp_text user %R (at 0 -1.75 90) (layer F.Fab)
      (effects (font (size 1 1) (thickness 0.15)))
    )
    (pad 2 smd rect (at 1.25 0 90) (size 1.5 1.25) (layers F.Cu F.Paste F.Mask))
    (pad 1 smd rect (at -1.25 0 90) (size 1.5 1.25) (layers F.Cu F.Paste F.Mask))
    (model Capacitors_SMD.3dshapes/C_0805.wrl
      (at (xyz 0 0 0))
      (scale (xyz 1 1 1))
      (rotate (xyz 0 0 0))
    )
  )

  (module Capacitors_SMD:C_0805_HandSoldering (layer F.Cu) (tedit 5B51E8EB) (tstamp 5B5221F9)
    (at 36.148614 29.592526 90)
    (descr "Capacitor SMD 0805, hand soldering")
    (tags "capacitor 0805")
    (attr smd)
    (fp_text reference 220k (at 0 -1.75 90) (layer F.SilkS)
      (effects (font (size 1 1) (thickness 0.15)))
    )
    (fp_text value C_0805_HandSoldering (at 0 1.75 90) (layer F.Fab)
      (effects (font (size 1 1) (thickness 0.15)))
    )
    (fp_text user %R (at 0 -1.75 90) (layer F.Fab)
      (effects (font (size 1 1) (thickness 0.15)))
    )
    (fp_line (start -1 0.62) (end -1 -0.62) (layer F.Fab) (width 0.1))
    (fp_line (start 1 0.62) (end -1 0.62) (layer F.Fab) (width 0.1))
    (fp_line (start 1 -0.62) (end 1 0.62) (layer F.Fab) (width 0.1))
    (fp_line (start -1 -0.62) (end 1 -0.62) (layer F.Fab) (width 0.1))
    (fp_line (start 0.5 -0.85) (end -0.5 -0.85) (layer F.SilkS) (width 0.12))
    (fp_line (start -0.5 0.85) (end 0.5 0.85) (layer F.SilkS) (width 0.12))
    (fp_line (start -2.25 -0.88) (end 2.25 -0.88) (layer F.CrtYd) (width 0.05))
    (fp_line (start -2.25 -0.88) (end -2.25 0.87) (layer F.CrtYd) (width 0.05))
    (fp_line (start 2.25 0.87) (end 2.25 -0.88) (layer F.CrtYd) (width 0.05))
    (fp_line (start 2.25 0.87) (end -2.25 0.87) (layer F.CrtYd) (width 0.05))
    (pad 1 smd rect (at -1.25 0 90) (size 1.5 1.25) (layers F.Cu F.Paste F.Mask))
    (pad 2 smd rect (at 1.25 0 90) (size 1.5 1.25) (layers F.Cu F.Paste F.Mask))
    (model Capacitors_SMD.3dshapes/C_0805.wrl
      (at (xyz 0 0 0))
      (scale (xyz 1 1 1))
      (rotate (xyz 0 0 0))
    )
  )

  (module Capacitors_SMD:C_0805_HandSoldering (layer F.Cu) (tedit 5B51EB29) (tstamp 5B5221D9)
    (at 52.438696 26.417635 270)
    (descr "Capacitor SMD 0805, hand soldering")
    (tags "capacitor 0805")
    (attr smd)
    (fp_text reference 1M (at 0 -1.75 270) (layer F.SilkS)
      (effects (font (size 1 1) (thickness 0.15)))
    )
    (fp_text value C_0805_HandSoldering (at 0 1.75 270) (layer F.Fab)
      (effects (font (size 1 1) (thickness 0.15)))
    )
    (fp_line (start 2.25 0.87) (end -2.25 0.87) (layer F.CrtYd) (width 0.05))
    (fp_line (start 2.25 0.87) (end 2.25 -0.88) (layer F.CrtYd) (width 0.05))
    (fp_line (start -2.25 -0.88) (end -2.25 0.87) (layer F.CrtYd) (width 0.05))
    (fp_line (start -2.25 -0.88) (end 2.25 -0.88) (layer F.CrtYd) (width 0.05))
    (fp_line (start -0.5 0.85) (end 0.5 0.85) (layer F.SilkS) (width 0.12))
    (fp_line (start 0.5 -0.85) (end -0.5 -0.85) (layer F.SilkS) (width 0.12))
    (fp_line (start -1 -0.62) (end 1 -0.62) (layer F.Fab) (width 0.1))
    (fp_line (start 1 -0.62) (end 1 0.62) (layer F.Fab) (width 0.1))
    (fp_line (start 1 0.62) (end -1 0.62) (layer F.Fab) (width 0.1))
    (fp_line (start -1 0.62) (end -1 -0.62) (layer F.Fab) (width 0.1))
    (fp_text user %R (at 0 -1.75 270) (layer F.Fab)
      (effects (font (size 1 1) (thickness 0.15)))
    )
    (pad 2 smd rect (at 1.25 0 270) (size 1.5 1.25) (layers F.Cu F.Paste F.Mask))
    (pad 1 smd rect (at -1.25 0 270) (size 1.5 1.25) (layers F.Cu F.Paste F.Mask))
    (model Capacitors_SMD.3dshapes/C_0805.wrl
      (at (xyz 0 0 0))
      (scale (xyz 1 1 1))
      (rotate (xyz 0 0 0))
    )
  )

  (module Capacitors_SMD:C_0805_HandSoldering (layer F.Cu) (tedit 5B51E4C5) (tstamp 5B5221C5)
    (at 57.518696 26.417635 270)
    (descr "Capacitor SMD 0805, hand soldering")
    (tags "capacitor 0805")
    (attr smd)
    (fp_text reference 0.1uf (at 0 -1.75 270) (layer F.SilkS)
      (effects (font (size 1 1) (thickness 0.15)))
    )
    (fp_text value C_0805_HandSoldering (at 0 1.75 270) (layer F.Fab)
      (effects (font (size 1 1) (thickness 0.15)))
    )
    (fp_line (start 2.25 0.87) (end -2.25 0.87) (layer F.CrtYd) (width 0.05))
    (fp_line (start 2.25 0.87) (end 2.25 -0.88) (layer F.CrtYd) (width 0.05))
    (fp_line (start -2.25 -0.88) (end -2.25 0.87) (layer F.CrtYd) (width 0.05))
    (fp_line (start -2.25 -0.88) (end 2.25 -0.88) (layer F.CrtYd) (width 0.05))
    (fp_line (start -0.5 0.85) (end 0.5 0.85) (layer F.SilkS) (width 0.12))
    (fp_line (start 0.5 -0.85) (end -0.5 -0.85) (layer F.SilkS) (width 0.12))
    (fp_line (start -1 -0.62) (end 1 -0.62) (layer F.Fab) (width 0.1))
    (fp_line (start 1 -0.62) (end 1 0.62) (layer F.Fab) (width 0.1))
    (fp_line (start 1 0.62) (end -1 0.62) (layer F.Fab) (width 0.1))
    (fp_line (start -1 0.62) (end -1 -0.62) (layer F.Fab) (width 0.1))
    (fp_text user %R (at 0 -1.75 270) (layer F.Fab)
      (effects (font (size 1 1) (thickness 0.15)))
    )
    (pad 2 smd rect (at 1.25 0 270) (size 1.5 1.25) (layers F.Cu F.Paste F.Mask))
    (pad 1 smd rect (at -1.25 0 270) (size 1.5 1.25) (layers F.Cu F.Paste F.Mask))
    (model Capacitors_SMD.3dshapes/C_0805.wrl
      (at (xyz 0 0 0))
      (scale (xyz 1 1 1))
      (rotate (xyz 0 0 0))
    )
  )

  (module Capacitors_SMD:C_0805_HandSoldering (layer F.Cu) (tedit 5B51EC48) (tstamp 5B5221B1)
    (at 57.518696 31.497635 270)
    (descr "Capacitor SMD 0805, hand soldering")
    (tags "capacitor 0805")
    (attr smd)
    (fp_text reference 10uf (at 0 -1.75 270) (layer F.SilkS)
      (effects (font (size 1 1) (thickness 0.15)))
    )
    (fp_text value C_0805_HandSoldering (at 0 1.75 270) (layer F.Fab)
      (effects (font (size 1 1) (thickness 0.15)))
    )
    (fp_text user %R (at 0 -1.75 270) (layer F.Fab)
      (effects (font (size 1 1) (thickness 0.15)))
    )
    (fp_line (start -1 0.62) (end -1 -0.62) (layer F.Fab) (width 0.1))
    (fp_line (start 1 0.62) (end -1 0.62) (layer F.Fab) (width 0.1))
    (fp_line (start 1 -0.62) (end 1 0.62) (layer F.Fab) (width 0.1))
    (fp_line (start -1 -0.62) (end 1 -0.62) (layer F.Fab) (width 0.1))
    (fp_line (start 0.5 -0.85) (end -0.5 -0.85) (layer F.SilkS) (width 0.12))
